quarter,basis,symbol,nse_answer,listing_answer,confirmed
2018-06,sa,21STCENMGM,listed_no_document,listed_no_document,2026-10-06
2018-06,sa,AARTIDRUGS,listed_no_document,listed_no_document,2026-10-06
2018-06,sa,ABAN,listed_no_document,listed_no_document,2026-10-06
2018-06,sa,ADANIENSOL,listed_no_document,listed_no_document,2026-10-06
2018-06,sa,ADANIENT,listed_no_document,listed_no_document,2026-10-06
2018-06,sa,ADANIPORTS,listed_no_document,listed_no_document,2026-10-06
2018-06,sa,ADANIPOWER,listed_no_document,listed_no_document,2026-10-06
2018-06,sa,ADSL,listed_no_document,listed_no_document,2026-10-06
2018-06,sa,AGARIND,listed_no_document,listed_no_document,2026-10-06
2018-06,sa,AGLSL,listed_no_document,listed_no_document,2026-10-06
2018-06,sa,AHLWEST,listed_no_document,listed_no_document,2026-10-06
2018-06,sa,AIAENG,listed_no_document,listed_no_document,2026-10-06
2018-06,sa,AJANTPHARM,listed_no_document,listed_no_document,2026-10-06
2018-06,sa,ALKEM,listed_no_document,listed_no_document,2026-10-06
2018-06,sa,ALLDIGI,listed_no_document,listed_no_document,2026-10-06
2018-06,sa,ALPHAGEO,listed_no_document,listed_no_document,2026-10-06
2018-06,sa,ALPSINDUS,listed_no_document,listed_no_document,2026-10-06
2018-06,sa,APARINDS,listed_no_document,listed_no_document,2026-10-06
2018-06,sa,APLAPOLLO,listed_no_document,listed_no_document,2026-10-06
2018-06,sa,APLLTD,listed_no_document,listed_no_document,2026-10-06
2018-06,sa,APOLLOTYRE,listed_no_document,listed_no_document,2026-10-06
2018-06,sa,APTECHT,listed_no_document,listed_no_document,2026-10-06
2018-06,sa,ARIHANTSUP,listed_no_document,listed_no_document,2026-10-06
2018-06,sa,ARROWGREEN,listed_no_document,listed_no_document,2026-10-06
2018-06,sa,ARSHIYA,listed_no_document,listed_no_document,2026-10-06
2018-06,sa,ARVIND,listed_no_document,listed_no_document,2026-10-06
2018-06,sa,ARVSMART,listed_no_document,listed_no_document,2026-10-06
2018-06,sa,ASAHIINDIA,listed_no_document,listed_no_document,2026-10-06
2018-06,sa,ASHAPURMIN,listed_no_document,listed_no_document,2026-10-06
2018-06,sa,ASHIANA,listed_no_document,listed_no_document,2026-10-06
2018-06,sa,ASIANTILES,listed_no_document,listed_no_document,2026-10-06
2018-06,sa,AUROPHARMA,listed_no_document,listed_no_document,2026-10-06
2018-06,sa,AURUM,listed_no_document,listed_no_document,2026-10-06
2018-06,sa,AVANTIFEED,listed_no_document,listed_no_document,2026-10-06
2018-06,sa,AXISCADES,listed_no_document,listed_no_document,2026-10-06
2018-06,sa,BAGFILMS,listed_no_document,listed_no_document,2026-10-06
2018-06,sa,BAJFINANCE,listed_no_document,listed_no_document,2026-10-06
2018-06,sa,BALLARPUR,listed_no_document,listed_no_document,2026-10-06
2018-06,sa,BANCOINDIA,listed_no_document,listed_no_document,2026-10-06
2018-06,sa,BBOX,listed_no_document,listed_no_document,2026-10-06
2018-06,sa,BEARDSELL,listed_no_document,listed_no_document,2026-10-06
2018-06,sa,BERGEPAINT,listed_no_document,listed_no_document,2026-10-06
2018-06,sa,BKMINDST,listed_no_document,listed_no_document,2026-10-06
2018-06,sa,BODALCHEM,listed_no_document,listed_no_document,2026-10-06
2018-06,sa,CAPLIPOINT,listed_no_document,listed_no_document,2026-10-06
2018-06,sa,CARERATING,listed_no_document,listed_no_document,2026-10-06
2018-06,sa,CCL,listed_no_document,listed_no_document,2026-10-06
2018-06,sa,CENTUM,listed_no_document,listed_no_document,2026-10-06
2018-06,sa,CEREBRAINT,listed_no_document,listed_no_document,2026-10-06
2018-06,sa,CGCL,listed_no_document,listed_no_document,2026-10-06
2018-06,sa,CGPOWER,listed_no_document,listed_no_document,2026-10-06
2018-06,sa,CHOLAFIN,listed_no_document,listed_no_document,2026-10-06
2018-06,sa,CHOLAHLDNG,listed_no_document,listed_no_document,2026-10-06
2018-06,sa,CIGNITITEC,listed_no_document,listed_no_document,2026-10-06
2018-06,sa,COFFEEDAY,listed_no_document,listed_no_document,2026-10-06
2018-06,sa,COFORGE,listed_no_document,listed_no_document,2026-10-06
2018-06,sa,COMPINFO,listed_no_document,listed_no_document,2026-10-06
2018-06,sa,COSMOFIRST,listed_no_document,listed_no_document,2026-10-06
2018-06,sa,COX&KINGS,listed_no_document,listed_no_document,2026-10-06
2018-06,sa,CPCAP,listed_no_document,listed_no_document,2026-10-06
2018-06,sa,CTE,listed_no_document,listed_no_document,2026-10-06
2018-06,sa,CYBERMEDIA,listed_no_document,listed_no_document,2026-10-06
2018-06,sa,DALMIABHA,listed_no_document,listed_no_document,2026-10-06
2018-06,sa,DBCORP,listed_no_document,listed_no_document,2026-10-06
2018-06,sa,DCAL,listed_no_document,listed_no_document,2026-10-06
2018-06,sa,DCM,listed_no_document,listed_no_document,2026-10-06
2018-06,sa,DELTAMAGNT,listed_no_document,listed_no_document,2026-10-06
2018-06,sa,DEN,listed_no_document,listed_no_document,2026-10-06
2018-06,sa,DHAMPURSUG,listed_no_document,listed_no_document,2026-10-06
2018-06,sa,DHANUKA,listed_no_document,listed_no_document,2026-10-06
2018-06,sa,DIGISPICE,listed_no_document,listed_no_document,2026-10-06
2018-06,sa,DIXON,listed_no_document,listed_no_document,2026-10-06
2018-06,sa,EIDPARRY,listed_no_document,listed_no_document,2026-10-06
2018-06,sa,EIMCOELECO,listed_no_document,listed_no_document,2026-10-06
2018-06,sa,ELECON,listed_no_document,listed_no_document,2026-10-06
2018-06,sa,ELGIEQUIP,listed_no_document,listed_no_document,2026-10-06
2018-06,sa,ELGIRUBCO,listed_no_document,listed_no_document,2026-10-06
2018-06,sa,EMAMILTD,listed_no_document,listed_no_document,2026-10-06
2018-06,sa,ENIL,listed_no_document,listed_no_document,2026-10-06
2018-06,sa,EXPLEOSOL,listed_no_document,listed_no_document,2026-10-06
2018-06,sa,FCSSOFT,listed_no_document,listed_no_document,2026-10-06
2018-06,sa,FSL,listed_no_document,listed_no_document,2026-10-06
2018-06,sa,GARDENSILK,listed_no_document,listed_no_document,2026-10-06
2018-06,sa,GATECH,listed_no_document,listed_no_document,2026-10-06
2018-06,sa,GLENMARK,listed_no_document,listed_no_document,2026-10-06
2018-06,sa,GOCLCORP,listed_no_document,listed_no_document,2026-10-06
2018-06,sa,GODREJCP,listed_no_document,listed_no_document,2026-10-06
2018-06,sa,GODREJPROP,listed_no_document,listed_no_document,2026-10-06
2018-06,sa,GOLDTECH,listed_no_document,listed_no_document,2026-10-06
2018-06,sa,GRANULES,listed_no_document,listed_no_document,2026-10-06
2018-06,sa,GRAVITA,listed_no_document,listed_no_document,2026-10-06
2018-06,sa,GREENLAM,listed_no_document,listed_no_document,2026-10-06
2018-06,sa,GREENPOWER,listed_no_document,listed_no_document,2026-10-06
2018-06,sa,GRINDWELL,listed_no_document,listed_no_document,2026-10-06
2018-06,sa,GSS,listed_no_document,listed_no_document,2026-10-06
2018-06,sa,GTNTEX,listed_no_document,listed_no_document,2026-10-06
2018-06,sa,GTPL,listed_no_document,listed_no_document,2026-10-06
2018-06,sa,HCL-INSYS,listed_no_document,listed_no_document,2026-10-06
2018-06,sa,HCLTECH,listed_no_document,listed_no_document,2026-10-06
2018-06,sa,HDIL,listed_no_document,listed_no_document,2026-10-06
2018-06,sa,HGINFRA,listed_no_document,listed_no_document,2026-10-06
2018-06,sa,HIMATSEIDE,listed_no_document,listed_no_document,2026-10-06
2018-06,sa,HITECH,listed_no_document,listed_no_document,2026-10-06
2018-06,sa,HPL,listed_no_document,listed_no_document,2026-10-06
2018-06,sa,HTMEDIA,listed_no_document,listed_no_document,2026-10-06
2018-06,sa,IBULLSLTD,listed_no_document,listed_no_document,2026-10-06
2018-06,sa,IFBIND,listed_no_document,listed_no_document,2026-10-06
2018-06,sa,INDLMETER,listed_no_document,listed_no_document,2026-10-06
2018-06,sa,INDOWIND,listed_no_document,listed_no_document,2026-10-06
2018-06,sa,INFINITE,listed_no_document,listed_no_document,2026-10-06
2018-06,sa,INTELLECT,listed_no_document,listed_no_document,2026-10-06
2018-06,sa,IRB,listed_no_document,listed_no_document,2026-10-06
2018-06,sa,IZMO,listed_no_document,listed_no_document,2026-10-06
2018-06,sa,JAMNAAUTO,listed_no_document,listed_no_document,2026-10-06
2018-06,sa,JBMA,listed_no_document,listed_no_document,2026-10-06
2018-06,sa,JHS,listed_no_document,listed_no_document,2026-10-06
2018-06,sa,JIKIND,listed_no_document,listed_no_document,2026-10-06
2018-06,sa,JINDWORLD,listed_no_document,listed_no_document,2026-10-06
2018-06,sa,JISLDVREQS,listed_no_document,listed_no_document,2026-10-06
2018-06,sa,JISLJALEQS,listed_no_document,listed_no_document,2026-10-06
2018-06,sa,JKTYRE,listed_no_document,listed_no_document,2026-10-06
2018-06,sa,JSWSTEEL,listed_no_document,listed_no_document,2026-10-06
2018-06,sa,JUBLINDS,listed_no_document,listed_no_document,2026-10-06
2018-06,sa,JUBLPHARMA,listed_no_document,listed_no_document,2026-10-06
2018-06,sa,KAJARIACER,listed_no_document,listed_no_document,2026-10-06
2018-06,sa,KAVDEFENCE,listed_no_document,listed_no_document,2026-10-06
2018-06,sa,KEC,listed_no_document,listed_no_document,2026-10-06
2018-06,sa,KICL,listed_no_document,listed_no_document,2026-10-06
2018-06,sa,KIRLOSIND,listed_no_document,listed_no_document,2026-10-06
2018-06,sa,KOLTEPATIL,listed_no_document,listed_no_document,2026-10-06
2018-06,sa,KOPRAN,listed_no_document,listed_no_document,2026-10-06
2018-06,sa,KRBL,listed_no_document,listed_no_document,2026-10-06
2018-06,sa,KUNDANMM,listed_no_document,listed_no_document,2026-10-06
2018-06,sa,LAURUSLABS,listed_no_document,listed_no_document,2026-10-06
2018-06,sa,LCCINFOTEC,not_listed,not_listed,2026-10-06
2018-06,sa,LINCOLN,listed_no_document,listed_no_document,2026-10-06
2018-06,sa,LTM,listed_no_document,listed_no_document,2026-10-06
2018-06,sa,LUMAXIND,listed_no_document,listed_no_document,2026-10-06
2018-06,sa,LUMAXTECH,listed_no_document,listed_no_document,2026-10-06
2018-06,sa,MAHLIFE,listed_no_document,listed_no_document,2026-10-06
2018-06,sa,MANAKCOAT,listed_no_document,listed_no_document,2026-10-06
2018-06,sa,MANAKSIA,listed_no_document,listed_no_document,2026-10-06
2018-06,sa,MANAKSTEEL,listed_no_document,listed_no_document,2026-10-06
2018-06,sa,MASKINVEST,listed_no_document,listed_no_document,2026-10-06
2018-06,sa,MATRIMONY,listed_no_document,listed_no_document,2026-10-06
2018-06,sa,MBLINFRA,listed_no_document,listed_no_document,2026-10-06
2018-06,sa,MEGH,listed_no_document,listed_no_document,2026-10-06
2018-06,sa,MEP,listed_no_document,listed_no_document,2026-10-06
2018-06,sa,MERCATOR,listed_no_document,listed_no_document,2026-10-06
2018-06,sa,MIC,listed_no_document,listed_no_document,2026-10-06
2018-06,sa,MINDACORP,listed_no_document,listed_no_document,2026-10-06
2018-06,sa,MOLDTECH,listed_no_document,listed_no_document,2026-10-06
2018-06,sa,MOLDTKPAC,listed_no_document,listed_no_document,2026-10-06
2018-06,sa,MPSLTD,listed_no_document,listed_no_document,2026-10-06
2018-06,sa,MVL,listed_no_document,listed_no_document,2026-10-06
2018-06,sa,NAVA,listed_no_document,listed_no_document,2026-10-06
2018-06,sa,NCC,listed_no_document,listed_no_document,2026-10-06
2018-06,sa,NDLVENTURE,listed_no_document,listed_no_document,2026-10-06
2018-06,sa,NEXTMEDIA,listed_no_document,listed_no_document,2026-10-06
2018-06,sa,NIITLTD,listed_no_document,listed_no_document,2026-10-06
2018-06,sa,OFSS,listed_no_document,listed_no_document,2026-10-06
2018-06,sa,ONMOBILE,listed_no_document,listed_no_document,2026-10-06
2018-06,sa,ONWARDTEC,listed_no_document,listed_no_document,2026-10-06
2018-06,sa,OPTOCIRCUI,listed_no_document,listed_no_document,2026-10-06
2018-06,sa,PAISALO,listed_no_document,listed_no_document,2026-10-06
2018-06,sa,PDPL,listed_no_document,listed_no_document,2026-10-06
2018-06,sa,PGIL,listed_no_document,listed_no_document,2026-10-06
2018-06,sa,PHOENIXLTD,listed_no_document,listed_no_document,2026-10-06
2018-06,sa,POKARNA,listed_no_document,listed_no_document,2026-10-06
2018-06,sa,POLYPLEX,listed_no_document,listed_no_document,2026-10-06
2018-06,sa,POWERMECH,listed_no_document,listed_no_document,2026-10-06
2018-06,sa,PRABHAT,listed_no_document,listed_no_document,2026-10-06
2018-06,sa,PRAJIND,listed_no_document,listed_no_document,2026-10-06
2018-06,sa,PRESTIGE,listed_no_document,listed_no_document,2026-10-06
2018-06,sa,PRIMESECU,listed_no_document,listed_no_document,2026-10-06
2018-06,sa,PROZONER,listed_no_document,listed_no_document,2026-10-06
2018-06,sa,PURVA,listed_no_document,listed_no_document,2026-10-06
2018-06,sa,PVRINOX,listed_no_document,listed_no_document,2026-10-06
2018-06,sa,RAJASPETRO,listed_no_document,listed_no_document,2026-10-06
2018-06,sa,RAMASTEEL,listed_no_document,listed_no_document,2026-10-06
2018-06,sa,RANEHOLDIN,listed_no_document,listed_no_document,2026-10-06
2018-06,sa,RICOAUTO,listed_no_document,listed_no_document,2026-10-06
2018-06,sa,ROLLT,listed_no_document,listed_no_document,2026-10-06
2018-06,sa,ROLTA,listed_no_document,listed_no_document,2026-10-06
2018-06,sa,S&SPOWER,listed_no_document,listed_no_document,2026-10-06
2018-06,sa,SADBHIN,listed_no_document,listed_no_document,2026-10-06
2018-06,sa,SAGCEM,listed_no_document,listed_no_document,2026-10-06
2018-06,sa,SALASAR,listed_no_document,listed_no_document,2026-10-06
2018-06,sa,SAMPANN,listed_no_document,listed_no_document,2026-10-06
2018-06,sa,SARDAEN,listed_no_document,listed_no_document,2026-10-06
2018-06,sa,SDBL,listed_no_document,listed_no_document,2026-10-06
2018-06,sa,SEJAL,listed_no_document,listed_no_document,2026-10-06
2018-06,sa,SELMCL,listed_no_document,listed_no_document,2026-10-06
2018-06,sa,SEMAC,listed_no_document,listed_no_document,2026-10-06
2018-06,sa,SEPC,listed_no_document,listed_no_document,2026-10-06
2018-06,sa,SFL,listed_no_document,listed_no_document,2026-10-06
2018-06,sa,SGFL,document_shared_with_later_quarter,document_shared_with_later_quarter,2026-10-06
2018-06,sa,SHANKARA,listed_no_document,listed_no_document,2026-10-06
2018-06,sa,SHARDACROP,listed_no_document,listed_no_document,2026-10-06
2018-06,sa,SHILPAMED,listed_no_document,listed_no_document,2026-10-06
2018-06,sa,SHIRPUR-G,listed_no_document,listed_no_document,2026-10-06
2018-06,sa,SHYAMCENT,listed_no_document,listed_no_document,2026-10-06
2018-06,sa,SICAGEN,listed_no_document,listed_no_document,2026-10-06
2018-06,sa,SICAL,listed_no_document,listed_no_document,2026-10-06
2018-06,sa,SITINET,listed_no_document,listed_no_document,2026-10-06
2018-06,sa,SOBHA,listed_no_document,listed_no_document,2026-10-06
2018-06,sa,SOLARINDS,listed_no_document,listed_no_document,2026-10-06
2018-06,sa,SONATSOFTW,listed_no_document,listed_no_document,2026-10-06
2018-06,sa,SPAL,listed_no_document,listed_no_document,2026-10-06
2018-06,sa,SPCENET,listed_no_document,listed_no_document,2026-10-06
2018-06,sa,SPTL,listed_no_document,listed_no_document,2026-10-06
2018-06,sa,SRF,listed_no_document,listed_no_document,2026-10-06
2018-06,sa,STARCEMENT,listed_no_document,listed_no_document,2026-10-06
2018-06,sa,SUBEX,listed_no_document,listed_no_document,2026-10-06
2018-06,sa,SYMPHONY,listed_no_document,listed_no_document,2026-10-06
2018-06,sa,TAJGVK,listed_no_document,listed_no_document,2026-10-06
2018-06,sa,TAKE,listed_no_document,listed_no_document,2026-10-06
2018-06,sa,TALBROAUTO,listed_no_document,listed_no_document,2026-10-06
2018-06,sa,TANLA,listed_no_document,listed_no_document,2026-10-06
2018-06,sa,TATACOFFEE,listed_no_document,listed_no_document,2026-10-06
2018-06,sa,TATACONSUM,listed_no_document,listed_no_document,2026-10-06
2018-06,sa,TEAMLEASE,listed_no_document,listed_no_document,2026-10-06
2018-06,sa,TECHM,listed_no_document,listed_no_document,2026-10-06
2018-06,sa,THEINVEST,listed_no_document,listed_no_document,2026-10-06
2018-06,sa,THERMAX,listed_no_document,listed_no_document,2026-10-06
2018-06,sa,TI,listed_no_document,listed_no_document,2026-10-06
2018-06,sa,TIINDIA,listed_no_document,listed_no_document,2026-10-06
2018-06,sa,TIMETECHNO,listed_no_document,listed_no_document,2026-10-06
2018-06,sa,TIRUMALCHM,listed_no_document,listed_no_document,2026-10-06
2018-06,sa,TITAN,listed_no_document,listed_no_document,2026-10-06
2018-06,sa,UFO,listed_no_document,listed_no_document,2026-10-06
2018-06,sa,UMESLTD,listed_no_document,listed_no_document,2026-10-06
2018-06,sa,UNIONBANK,listed_no_document,listed_no_document,2026-10-06
2018-06,sa,UNIPLY,listed_no_document,listed_no_document,2026-10-06
2018-06,sa,UNOMINDA,listed_no_document,listed_no_document,2026-10-06
2018-06,sa,USHAMART,listed_no_document,listed_no_document,2026-10-06
2018-06,sa,VAKRANGEE,listed_no_document,listed_no_document,2026-10-06
2018-06,sa,VETO,listed_no_document,listed_no_document,2026-10-06
2018-06,sa,VICEROY,listed_no_document,listed_no_document,2026-10-06
2018-06,sa,VIPIND,listed_no_document,listed_no_document,2026-10-06
2018-06,sa,VISESHINFO,listed_no_document,listed_no_document,2026-10-06
2018-06,sa,VIVIMEDLAB,listed_no_document,listed_no_document,2026-10-06
2018-06,sa,VTL,listed_no_document,listed_no_document,2026-10-06
2018-06,sa,ZEEL,listed_no_document,listed_no_document,2026-10-06
2018-06,sa,ZEEMEDIA,listed_no_document,listed_no_document,2026-10-06
2018-06,sa,ZICOM,listed_no_document,listed_no_document,2026-10-06
2018-06,sa,ZYDUSWELL,listed_no_document,listed_no_document,2026-10-06
2018-06,sa,ZYLOG,listed_no_document,listed_no_document,2026-10-06
2018-09,sa,ACCELYA,listed_no_document,listed_no_document,2026-10-06
2018-09,sa,ALBK,listed_no_document,listed_no_document,2026-10-06
2018-09,sa,AMBER,listed_no_document,listed_no_document,2026-10-06
2018-09,sa,AUBANK,listed_no_document,listed_no_document,2026-10-06
2018-09,sa,AXISBANK,listed_no_document,listed_no_document,2026-10-06
2018-09,sa,BANDHANBNK,listed_no_document,listed_no_document,2026-10-06
2018-09,sa,BANKBARODA,listed_no_document,listed_no_document,2026-10-06
2018-09,sa,BANKINDIA,listed_no_document,listed_no_document,2026-10-06
2018-09,sa,CALSOFT,not_listed,not_listed,2026-10-06
2018-09,sa,CANBK,listed_no_document,listed_no_document,2026-10-06
2018-09,sa,CESC,listed_no_document,listed_no_document,2026-10-06
2018-09,sa,CUB,listed_no_document,listed_no_document,2026-10-06
2018-09,sa,DCBBANK,listed_no_document,listed_no_document,2026-10-06
2018-09,sa,DENABANK,listed_no_document,listed_no_document,2026-10-06
2018-09,sa,DHANBANK,listed_no_document,listed_no_document,2026-10-06
2018-09,sa,DHARAN,listed_no_document,listed_no_document,2026-10-06
2018-09,sa,EDUCOMP,not_listed,not_listed,2026-10-06
2018-09,sa,EMAMIREAL,not_listed,not_listed,2026-10-06
2018-09,sa,FEDERALBNK,listed_no_document,listed_no_document,2026-10-06
2018-09,sa,HDFCBANK,listed_no_document,listed_no_document,2026-10-06
2018-09,sa,IDBI,listed_no_document,listed_no_document,2026-10-06
2018-09,sa,IDFCFIRSTB,listed_no_document,listed_no_document,2026-10-06
2018-09,sa,IL&FSENGG,not_listed,not_listed,2026-10-06
2018-09,sa,IOB,listed_no_document,listed_no_document,2026-10-06
2018-09,sa,J&KBANK,listed_no_document,listed_no_document,2026-10-06
2018-09,sa,KTKBANK,listed_no_document,listed_no_document,2026-10-06
2018-09,sa,MAHABANK,listed_no_document,listed_no_document,2026-10-06
2018-09,sa,MTNL,not_listed,not_listed,2026-10-06
2018-09,sa,ORIENTBANK,listed_no_document,listed_no_document,2026-10-06
2018-09,sa,PNB,listed_no_document,listed_no_document,2026-10-06
2018-09,sa,PNC,listed_no_document,listed_no_document,2026-10-06
2018-09,sa,PSB,listed_no_document,listed_no_document,2026-10-06
2018-09,sa,RAJTV,listed_no_document,listed_no_document,2026-10-06
2018-09,sa,RBLBANK,listed_no_document,listed_no_document,2026-10-06
2018-09,sa,RMMIL,not_listed,not_listed,2026-10-06
2018-09,sa,SHARONBIO,listed_no_document,listed_no_document,2026-10-06
2018-09,sa,SOUTHBANK,listed_no_document,listed_no_document,2026-10-06
2018-09,sa,SYNCOM,listed_no_document,listed_no_document,2026-10-06
2018-09,sa,SYNDIBANK,listed_no_document,listed_no_document,2026-10-06
2018-09,sa,UCOBANK,listed_no_document,listed_no_document,2026-10-06
2018-09,sa,UNITEDBNK,listed_no_document,listed_no_document,2026-10-06
2018-09,sa,VIJAYABANK,listed_no_document,listed_no_document,2026-10-06
2018-09,sa,VRLLOG,listed_no_document,listed_no_document,2026-10-06
2018-09,sa,YESBANK,listed_no_document,listed_no_document,2026-10-06
2019-03,sa,ABMINTLTD,listed_no_document,listed_no_document,2026-10-06
2019-03,sa,ADROITINFO,not_listed,not_listed,2026-10-06
2019-03,sa,AIAENG,listed_no_document,listed_no_document,2026-10-06
2019-03,sa,ALKEM,not_listed,not_listed,2026-10-06
2019-03,sa,ALMONDZ,listed_no_document,listed_no_document,2026-10-06
2019-03,sa,ALOKTEXT,listed_no_document,listed_no_document,2026-10-06
2019-03,sa,AMBUJACEM,listed_no_document,listed_no_document,2026-10-06
2019-03,sa,ARIHANT,not_listed,not_listed,2026-10-06
2019-03,sa,ASHOKA,listed_no_document,listed_no_document,2026-10-06
2019-03,sa,ASHOKLEY,listed_no_document,listed_no_document,2026-10-06
2019-03,sa,ATULAUTO,listed_no_document,listed_no_document,2026-10-06
2019-03,sa,BAJAJFINSV,listed_no_document,listed_no_document,2026-10-06
2019-03,sa,BANKBARODA,listed_document_404,listed_document_404,2026-10-06
2019-03,sa,BANKINDIA,listed_document_404,listed_document_404,2026-10-06
2019-03,sa,BARTRONICS,document_shared_with_later_quarter,document_shared_with_later_quarter,2026-10-06
2019-03,sa,BGLOBAL,listed_no_document,listed_no_document,2026-10-06
2019-03,sa,BHARATFORG,listed_document_404,listed_document_404,2026-10-06
2019-03,sa,BIRLANU,listed_no_document,listed_no_document,2026-10-06
2019-03,sa,BLUEBLENDS,document_shared_with_later_quarter,document_shared_with_later_quarter,2026-10-06
2019-03,sa,BRFL,listed_no_document,listed_no_document,2026-10-06
2019-03,sa,BSELINFRA,listed_no_document,listed_no_document,2026-10-06
2019-03,sa,CARERATING,document_shared_with_later_quarter,document_shared_with_later_quarter,2026-10-06
2019-03,sa,CELEBRITY,listed_document_404,listed_document_404,2026-10-06
2019-03,sa,CENTRALBK,listed_document_404,listed_document_404,2026-10-06
2019-03,sa,CENTURYPLY,listed_no_document,listed_no_document,2026-10-06
2019-03,sa,CLEDUCATE,not_listed,not_listed,2026-10-06
2019-03,sa,COMPUSOFT,not_listed,not_listed,2026-10-06
2019-03,sa,CORPBANK,listed_document_404,listed_document_404,2026-10-06
2019-03,sa,COX&KINGS,listed_no_document,listed_no_document,2026-10-06
2019-03,sa,CREDITACC,not_listed,not_listed,2026-10-06
2019-03,sa,DBREALTY,listed_no_document,listed_no_document,2026-10-06
2019-03,sa,DIXON,listed_no_document,listed_no_document,2026-10-06
2019-03,sa,EASTSILK,not_listed,not_listed,2026-10-06
2019-03,sa,EDUCOMP,not_listed,not_listed,2026-10-06
2019-03,sa,ELGIEQUIP,listed_no_document,listed_no_document,2026-10-06
2019-03,sa,EMAMILTD,listed_no_document,listed_no_document,2026-10-06
2019-03,sa,ESSDEE,listed_no_document,listed_no_document,2026-10-06
2019-03,sa,FCSSOFT,listed_no_document,listed_no_document,2026-10-06
2019-03,sa,FINCABLES,listed_no_document,listed_no_document,2026-10-06
2019-03,sa,FMGOETZE,listed_no_document,listed_no_document,2026-10-06
2019-03,sa,GARFIBRES,not_listed,not_listed,2026-10-06
2019-03,sa,GATECH,listed_no_document,listed_no_document,2026-10-06
2019-03,sa,GENUSPAPER,listed_no_document,listed_no_document,2026-10-06
2019-03,sa,GKWLIMITED,listed_document_404,listed_document_404,2026-10-06
2019-03,sa,GREAVESCOT,document_shared_with_later_quarter,document_shared_with_later_quarter,2026-10-06
2019-03,sa,GSFC,document_shared_with_later_quarter,document_shared_with_later_quarter,2026-10-06
2019-03,sa,GUFICBIO,not_listed,not_listed,2026-10-06
2019-03,sa,GUJALKALI,listed_no_document,listed_no_document,2026-10-06
2019-03,sa,GUJAPOLLO,listed_no_document,listed_no_document,2026-10-06
2019-03,sa,HEIDELBERG,listed_no_document,listed_no_document,2026-10-06
2019-03,sa,HEXAWARE,listed_no_document,listed_no_document,2026-10-06
2019-03,sa,HIMATSEIDE,listed_no_document,listed_no_document,2026-10-06
2019-03,sa,IDFCFIRSTB,listed_document_404,listed_document_404,2026-10-06
2019-03,sa,INDIANB,listed_document_404,listed_document_404,2026-10-06
2019-03,sa,INDNIPPON,not_listed,not_listed,2026-10-06
2019-03,sa,INDTERRAIN,listed_document_404,listed_document_404,2026-10-06
2019-03,sa,ISMTLTD,listed_no_document,listed_no_document,2026-10-06
2019-03,sa,ITDC,not_listed,not_listed,2026-10-06
2019-03,sa,J&KBANK,listed_document_404,listed_document_404,2026-10-06
2019-03,sa,JAINSTUDIO,not_listed,not_listed,2026-10-06
2019-03,sa,JAYSREETEA,listed_no_document,listed_no_document,2026-10-06
2019-03,sa,JETAIRWAYS,not_listed,not_listed,2026-10-06
2019-03,sa,JHS,listed_document_404,listed_document_404,2026-10-06
2019-03,sa,JINDCOT,document_shared_with_later_quarter,document_shared_with_later_quarter,2026-10-06
2019-03,sa,JKCEMENT,listed_document_404,listed_document_404,2026-10-06
2019-03,sa,KANORICHEM,not_listed,not_listed,2026-10-06
2019-03,sa,KARMAENG,listed_no_document,listed_no_document,2026-10-06
2019-03,sa,KARURVYSYA,listed_document_404,listed_document_404,2026-10-06
2019-03,sa,KCPSUGIND,listed_no_document,listed_no_document,2026-10-06
2019-03,sa,KELLTONTEC,not_listed,not_listed,2026-10-06
2019-03,sa,KHAITANLTD,not_listed,not_listed,2026-10-06
2019-03,sa,KHANDSE,listed_no_document,listed_no_document,2026-10-06
2019-03,sa,KILITCH,listed_no_document,listed_no_document,2026-10-06
2019-03,sa,KOTHARIPET,listed_document_404,listed_document_404,2026-10-06
2019-03,sa,KSERASERA,listed_no_document,listed_no_document,2026-10-06
2019-03,sa,MANAKCOAT,listed_no_document,listed_no_document,2026-10-06
2019-03,sa,MANGTIMBER,listed_no_document,listed_no_document,2026-10-06
2019-03,sa,MBLINFRA,listed_no_document,listed_no_document,2026-10-06
2019-03,sa,MEP,listed_no_document,listed_no_document,2026-10-06
2019-03,sa,MUKANDENGG,listed_document_404,listed_document_404,2026-10-06
2019-03,sa,NAHARINDUS,listed_no_document,listed_no_document,2026-10-06
2019-03,sa,NAHARPOLY,listed_no_document,listed_no_document,2026-10-06
2019-03,sa,NATIONALUM,not_listed,not_listed,2026-10-06
2019-03,sa,NBCC,not_listed,not_listed,2026-10-06
2019-03,sa,NDLVENTURE,listed_no_document,listed_no_document,2026-10-06
2019-03,sa,NOIDATOLL,not_listed,not_listed,2026-10-06
2019-03,sa,NRBBEARING,not_listed,not_listed,2026-10-06
2019-03,sa,ORIENTELEC,listed_no_document,listed_no_document,2026-10-06
2019-03,sa,PBAINFRA,not_listed,not_listed,2026-10-06
2019-03,sa,PENIND,listed_no_document,listed_no_document,2026-10-06
2019-03,sa,POLYMED,document_shared_with_later_quarter,document_shared_with_later_quarter,2026-10-06
2019-03,sa,PSB,listed_document_404,listed_document_404,2026-10-06
2019-03,sa,REPRO,listed_no_document,listed_no_document,2026-10-06
2019-03,sa,ROLLT,listed_no_document,listed_no_document,2026-10-06
2019-03,sa,RSYSTEMS,listed_no_document,listed_no_document,2026-10-06
2019-03,sa,SADBHAV,listed_no_document,listed_no_document,2026-10-06
2019-03,sa,SADBHIN,listed_no_document,listed_no_document,2026-10-06
2019-03,sa,SCHAEFFLER,listed_no_document,listed_no_document,2026-10-06
2019-03,sa,SGL,not_listed,not_listed,2026-10-06
2019-03,sa,SHARDAMOTR,listed_no_document,listed_no_document,2026-10-06
2019-03,sa,STCINDIA,document_shared_with_later_quarter,document_shared_with_later_quarter,2026-10-06
2019-03,sa,SUNDRMFAST,document_shared_with_later_quarter,document_shared_with_later_quarter,2026-10-06
2019-03,sa,SUPERSPIN,not_listed,not_listed,2026-10-06
2019-03,sa,SUPREMEIND,not_listed,not_listed,2026-10-06
2019-03,sa,SUZLON,not_listed,not_listed,2026-10-06
2019-03,sa,SYNDIBANK,listed_document_404,listed_document_404,2026-10-06
2019-03,sa,TARMAT,listed_no_document,listed_no_document,2026-10-06
2019-03,sa,TATASTLLP,not_listed,not_listed,2026-10-06
2019-03,sa,TGBHOTELS,listed_no_document,listed_no_document,2026-10-06
2019-03,sa,TIMETECHNO,listed_no_document,listed_no_document,2026-10-06
2019-03,sa,TITAGARH,document_shared_with_later_quarter,document_shared_with_later_quarter,2026-10-06
2019-03,sa,TRANSWORLD,document_shared_with_later_quarter,document_shared_with_later_quarter,2026-10-06
2019-03,sa,TTKHLTCARE,not_listed,not_listed,2026-10-06
2019-03,sa,UCOBANK,listed_document_404,listed_document_404,2026-10-06
2019-03,sa,UFLEX,listed_no_document,listed_no_document,2026-10-06
2019-03,sa,UNIONBANK,listed_document_404,listed_document_404,2026-10-06
2019-03,sa,UNIPLY,document_shared_with_later_quarter,document_shared_with_later_quarter,2026-10-06
2019-03,sa,VBL,listed_no_document,listed_no_document,2026-10-06
2019-03,sa,VGUARD,listed_no_document,listed_no_document,2026-10-06
2019-03,sa,WSI,not_listed,not_listed,2026-10-06
2019-03,sa,ZENITHSTL,document_shared_with_later_quarter,document_shared_with_later_quarter,2026-10-06
2019-06,sa,21STCENMGM,listed_no_document,listed_no_document,2026-10-06
2019-06,sa,ADANIPORTS,listed_no_document,listed_no_document,2026-10-06
2019-06,sa,AHLWEST,listed_no_document,listed_no_document,2026-10-06
2019-06,sa,AJMERA,listed_no_document,listed_no_document,2026-10-06
2019-06,sa,AKSHOPTFBR,listed_no_document,listed_no_document,2026-10-06
2019-06,sa,ALICON,listed_no_document,listed_no_document,2026-10-06
2019-06,sa,ALLDIGI,listed_no_document,listed_no_document,2026-10-06
2019-06,sa,APOLLOHOSP,listed_no_document,listed_no_document,2026-10-06
2019-06,sa,ARSSINFRA,listed_no_document,listed_no_document,2026-10-06
2019-06,sa,ARVIND,listed_no_document,listed_no_document,2026-10-06
2019-06,sa,ATCOM,listed_no_document,listed_no_document,2026-10-06
2019-06,sa,ATLASCYCLE,listed_no_document,listed_no_document,2026-10-06
2019-06,sa,BFINVEST,listed_no_document,listed_no_document,2026-10-06
2019-06,sa,BOSCHLTD,listed_no_document,listed_no_document,2026-10-06
2019-06,sa,CAPLIPOINT,listed_no_document,listed_no_document,2026-10-06
2019-06,sa,CAPTRUST,listed_no_document,listed_no_document,2026-10-06
2019-06,sa,CCL,listed_no_document,listed_no_document,2026-10-06
2019-06,sa,CDSL,listed_no_document,listed_no_document,2026-10-06
2019-06,sa,CERA,listed_no_document,listed_no_document,2026-10-06
2019-06,sa,CHENNPETRO,listed_no_document,listed_no_document,2026-10-06
2019-06,sa,CIGNITITEC,listed_no_document,listed_no_document,2026-10-06
2019-06,sa,COFORGE,listed_no_document,listed_no_document,2026-10-06
2019-06,sa,COSMOFIRST,listed_no_document,listed_no_document,2026-10-06
2019-06,sa,CPCAP,listed_no_document,listed_no_document,2026-10-06
2019-06,sa,CYBERMEDIA,listed_no_document,listed_no_document,2026-10-06
2019-06,sa,CYIENT,listed_no_document,listed_no_document,2026-10-06
2019-06,sa,DHAMPURSUG,listed_no_document,listed_no_document,2026-10-06
2019-06,sa,DHANUKA,listed_no_document,listed_no_document,2026-10-06
2019-06,sa,DHFL,listed_no_document,listed_no_document,2026-10-06
2019-06,sa,DPSCLTD,listed_no_document,listed_no_document,2026-10-06
2019-06,sa,EIMCOELECO,listed_no_document,listed_no_document,2026-10-06
2019-06,sa,ELGIRUBCO,listed_no_document,listed_no_document,2026-10-06
2019-06,sa,ENGINERSIN,listed_no_document,listed_no_document,2026-10-06
2019-06,sa,ENTEGRA,not_listed,not_listed,2026-10-06
2019-06,sa,EPL,listed_no_document,listed_no_document,2026-10-06
2019-06,sa,ESCORTS,listed_no_document,listed_no_document,2026-10-06
2019-06,sa,EVEREADY,listed_no_document,listed_no_document,2026-10-06
2019-06,sa,FACT,listed_no_document,listed_no_document,2026-10-06
2019-06,sa,FCL,listed_no_document,listed_no_document,2026-10-06
2019-06,sa,FMNL,listed_no_document,listed_no_document,2026-10-06
2019-06,sa,GANGESSECU,listed_no_document,listed_no_document,2026-10-06
2019-06,sa,GAYAPROJ,listed_no_document,listed_no_document,2026-10-06
2019-06,sa,GENUSPOWER,listed_no_document,listed_no_document,2026-10-06
2019-06,sa,GHCL,listed_no_document,listed_no_document,2026-10-06
2019-06,sa,GILLETTE,listed_document_404,listed_document_404,2026-10-06
2019-06,sa,GNA,listed_no_document,listed_no_document,2026-10-06
2019-06,sa,GOKEX,listed_no_document,listed_no_document,2026-10-06
2019-06,sa,GPPL,listed_no_document,listed_no_document,2026-10-06
2019-06,sa,GRANULES,listed_no_document,listed_no_document,2026-10-06
2019-06,sa,GTNIND,listed_document_404,listed_document_404,2026-10-06
2019-06,sa,GTNTEX,listed_no_document,listed_no_document,2026-10-06
2019-06,sa,GTPL,listed_no_document,listed_no_document,2026-10-06
2019-06,sa,HESTERBIO,listed_no_document,listed_no_document,2026-10-06
2019-06,sa,HPL,listed_no_document,listed_no_document,2026-10-06
2019-06,sa,ICIL,listed_no_document,listed_no_document,2026-10-06
2019-06,sa,IFCI,listed_no_document,listed_no_document,2026-10-06
2019-06,sa,IGPL,listed_no_document,listed_no_document,2026-10-06
2019-06,sa,INSPIRISYS,listed_no_document,listed_no_document,2026-10-06
2019-06,sa,INTELLECT,listed_no_document,listed_no_document,2026-10-06
2019-06,sa,IRB,listed_no_document,listed_no_document,2026-10-06
2019-06,sa,JAMNAAUTO,listed_no_document,listed_no_document,2026-10-06
2019-06,sa,JINDALPHOT,listed_no_document,listed_no_document,2026-10-06
2019-06,sa,JINDALSAW,listed_no_document,listed_no_document,2026-10-06
2019-06,sa,JKLAKSHMI,listed_no_document,listed_no_document,2026-10-06
2019-06,sa,JKPAPER,listed_no_document,listed_no_document,2026-10-06
2019-06,sa,JSL,listed_no_document,listed_no_document,2026-10-06
2019-06,sa,JUBLFOOD,listed_no_document,listed_no_document,2026-10-06
2019-06,sa,JUBLINDS,listed_no_document,listed_no_document,2026-10-06
2019-06,sa,JUBLPHARMA,listed_no_document,listed_no_document,2026-10-06
2019-06,sa,KANANIIND,listed_no_document,listed_no_document,2026-10-06
2019-06,sa,KIRLOSENG,listed_no_document,listed_no_document,2026-10-06
2019-06,sa,KMSUGAR,listed_no_document,listed_no_document,2026-10-06
2019-06,sa,KOHINOOR,listed_no_document,listed_no_document,2026-10-06
2019-06,sa,KOLTEPATIL,listed_no_document,listed_no_document,2026-10-06
2019-06,sa,KOPRAN,listed_no_document,listed_no_document,2026-10-06
2019-06,sa,KPRMILL,listed_no_document,listed_no_document,2026-10-06
2019-06,sa,LAURUSLABS,listed_no_document,listed_no_document,2026-10-06
2019-06,sa,LCCINFOTEC,listed_no_document,listed_no_document,2026-10-06
2019-06,sa,LMW,listed_no_document,listed_no_document,2026-10-06
2019-06,sa,LUMAXIND,listed_no_document,listed_no_document,2026-10-06
2019-06,sa,LUMAXTECH,listed_no_document,listed_no_document,2026-10-06
2019-06,sa,LUXIND,listed_no_document,listed_no_document,2026-10-06
2019-06,sa,LYKALABS,listed_no_document,listed_no_document,2026-10-06
2019-06,sa,MADHAV,listed_no_document,listed_no_document,2026-10-06
2019-06,sa,MAFATLAFIN,listed_no_document,listed_no_document,2026-10-06
2019-06,sa,MAHLIFE,listed_no_document,listed_no_document,2026-10-06
2019-06,sa,MAITHANALL,listed_no_document,listed_no_document,2026-10-06
2019-06,sa,MANPASAND,not_listed,not_listed,2026-10-06
2019-06,sa,MARUTI,listed_no_document,listed_no_document,2026-10-06
2019-06,sa,MASTEK,listed_no_document,listed_no_document,2026-10-06
2019-06,sa,MAXINDIA,listed_no_document,listed_no_document,2026-10-06
2019-06,sa,MCLEODRUSS,listed_no_document,listed_no_document,2026-10-06
2019-06,sa,MINDTREE,listed_no_document,listed_no_document,2026-10-06
2019-06,sa,MPSLTD,listed_no_document,listed_no_document,2026-10-06
2019-06,sa,NBIFIN,listed_no_document,listed_no_document,2026-10-06
2019-06,sa,NETWORK18,listed_no_document,listed_no_document,2026-10-06
2019-06,sa,NEULANDLAB,listed_no_document,listed_no_document,2026-10-06
2019-06,sa,NFL,listed_no_document,listed_no_document,2026-10-06
2019-06,sa,NITCO,listed_no_document,listed_no_document,2026-10-06
2019-06,sa,NTPC,listed_no_document,listed_no_document,2026-10-06
2019-06,sa,OCCL,listed_no_document,listed_no_document,2026-10-06
2019-06,sa,OISL,listed_document_404,listed_document_404,2026-10-06
2019-06,sa,OMAXE,listed_no_document,listed_no_document,2026-10-06
2019-06,sa,ORICONENT,listed_no_document,listed_no_document,2026-10-06
2019-06,sa,PGHH,listed_document_404,listed_document_404,2026-10-06
2019-06,sa,PRECOT,listed_no_document,listed_no_document,2026-10-06
2019-06,sa,PREMIER,listed_no_document,listed_no_document,2026-10-06
2019-06,sa,PUNJABCHEM,listed_no_document,listed_no_document,2026-10-06
2019-06,sa,PVP,listed_no_document,listed_no_document,2026-10-06
2019-06,sa,RAMASTEEL,listed_no_document,listed_no_document,2026-10-06
2019-06,sa,RCF,listed_no_document,listed_no_document,2026-10-06
2019-06,sa,RML,listed_no_document,listed_no_document,2026-10-06
2019-06,sa,RSSOFTWARE,listed_no_document,listed_no_document,2026-10-06
2019-06,sa,RTNPOWER,listed_no_document,listed_no_document,2026-10-06
2019-06,sa,RUCHISOYA,listed_no_document,listed_no_document,2026-10-06
2019-06,sa,SAGCEM,listed_no_document,listed_no_document,2026-10-06
2019-06,sa,SARDAEN,listed_no_document,listed_no_document,2026-10-06
2019-06,sa,SDBL,listed_no_document,listed_no_document,2026-10-06
2019-06,sa,SELMCL,listed_no_document,listed_no_document,2026-10-06
2019-06,sa,SETUINFRA,listed_no_document,listed_no_document,2026-10-06
2019-06,sa,SFL,listed_no_document,listed_no_document,2026-10-06
2019-06,sa,SHARDACROP,listed_no_document,listed_no_document,2026-10-06
2019-06,sa,SHILPAMED,listed_no_document,listed_no_document,2026-10-06
2019-06,sa,SHK,listed_no_document,listed_no_document,2026-10-06
2019-06,sa,SHRIPISTON,listed_no_document,listed_no_document,2026-10-06
2019-06,sa,SHYAMCENT,listed_no_document,listed_no_document,2026-10-06
2019-06,sa,SICAGEN,listed_no_document,listed_no_document,2026-10-06
2019-06,sa,SICAL,listed_no_document,listed_no_document,2026-10-06
2019-06,sa,SOLARINDS,listed_no_document,listed_no_document,2026-10-06
2019-06,sa,SPENCERS,listed_no_document,listed_no_document,2026-10-06
2019-06,sa,SRF,listed_no_document,listed_no_document,2026-10-06
2019-06,sa,SUBCAPCITY,listed_no_document,listed_no_document,2026-10-06
2019-06,sa,SUMEETINDS,listed_no_document,listed_no_document,2026-10-06
2019-06,sa,SUNDARAM,listed_no_document,listed_no_document,2026-10-06
2019-06,sa,SUNDROP,listed_no_document,listed_no_document,2026-10-06
2019-06,sa,SUNFLAG,listed_no_document,listed_no_document,2026-10-06
2019-06,sa,SUNTV,listed_no_document,listed_no_document,2026-10-06
2019-06,sa,SURYAROSNI,listed_no_document,listed_no_document,2026-10-06
2019-06,sa,TAJGVK,listed_no_document,listed_no_document,2026-10-06
2019-06,sa,TATACOFFEE,listed_no_document,listed_no_document,2026-10-06
2019-06,sa,TEAMLEASE,listed_no_document,listed_no_document,2026-10-06
2019-06,sa,TEJASNET,listed_no_document,listed_no_document,2026-10-06
2019-06,sa,TEXINFRA,listed_no_document,listed_no_document,2026-10-06
2019-06,sa,TEXMOPIPES,listed_no_document,listed_no_document,2026-10-06
2019-06,sa,TEXRAIL,listed_no_document,listed_no_document,2026-10-06
2019-06,sa,THEINVEST,listed_no_document,listed_no_document,2026-10-06
2019-06,sa,THERMAX,listed_no_document,listed_no_document,2026-10-06
2019-06,sa,TI,listed_no_document,listed_no_document,2026-10-06
2019-06,sa,TIRUMALCHM,listed_no_document,listed_no_document,2026-10-06
2019-06,sa,TOKYOPLAST,listed_no_document,listed_no_document,2026-10-06
2019-06,sa,TREEHOUSE,listed_no_document,listed_no_document,2026-10-06
2019-06,sa,TSFINV,listed_no_document,listed_no_document,2026-10-06
2019-06,sa,TV18BRDCST,listed_no_document,listed_no_document,2026-10-06
2019-06,sa,TVSSRICHAK,listed_no_document,listed_no_document,2026-10-06
2019-06,sa,UFO,listed_no_document,listed_no_document,2026-10-06
2019-06,sa,VAKRANGEE,listed_no_document,listed_no_document,2026-10-06
2019-06,sa,VALECHAENG,listed_document_404,listed_document_404,2026-10-06
2019-06,sa,VENUSREM,listed_no_document,listed_no_document,2026-10-06
2019-06,sa,WINSOME,listed_no_document,listed_no_document,2026-10-06
2019-06,sa,WIPL,listed_no_document,listed_no_document,2026-10-06
2019-06,sa,ZEELEARN,listed_no_document,listed_no_document,2026-10-06
2019-09,cons,AARTIIND,not_listed,not_listed,2026-10-06
2019-09,cons,ACCELYA,listed_no_document,listed_no_document,2026-10-06
2019-09,cons,ALMONDZ,listed_no_document,listed_no_document,2026-10-06
2019-09,cons,AXISBANK,listed_no_document,listed_no_document,2026-10-06
2019-09,cons,BAJAJFINSV,listed_no_document,listed_no_document,2026-10-06
2019-09,cons,BGLOBAL,not_listed,not_listed,2026-10-06
2019-09,cons,BIRLANU,not_listed,not_listed,2026-10-06
2019-09,cons,CREST,listed_no_document,listed_no_document,2026-10-06
2019-09,cons,DHUNINV,listed_no_document,listed_no_document,2026-10-06
2019-09,cons,EQUITAS,listed_no_document,listed_no_document,2026-10-06
2019-09,cons,FEDERALBNK,listed_no_document,listed_no_document,2026-10-06
2019-09,cons,HITECHGEAR,not_listed,not_listed,2026-10-06
2019-09,cons,ICICIBANK,listed_no_document,listed_no_document,2026-10-06
2019-09,cons,IDFCFIRSTB,listed_no_document,listed_no_document,2026-10-06
2019-09,cons,INDIANB,listed_no_document,listed_no_document,2026-10-06
2019-09,cons,INDUSINDBK,listed_no_document,listed_no_document,2026-10-06
2019-09,cons,J&KBANK,not_listed,not_listed,2026-10-06
2019-09,cons,KDDL,not_listed,not_listed,2026-10-06
2019-09,cons,KESORAMIND,not_listed,not_listed,2026-10-06
2019-09,cons,KOTAKBANK,listed_no_document,listed_no_document,2026-10-06
2019-09,cons,KSERASERA,not_listed,not_listed,2026-10-06
2019-09,cons,MBLINFRA,not_listed,not_listed,2026-10-06
2019-09,cons,MPHASIS,listed_no_document,listed_no_document,2026-10-06
2019-09,cons,NAM-INDIA,listed_no_document,listed_no_document,2026-10-06
2019-09,cons,NIBL,not_listed,not_listed,2026-10-06
2019-09,cons,RBLBANK,listed_no_document,listed_no_document,2026-10-06
2019-09,cons,ROLLT,listed_no_document,listed_no_document,2026-10-06
2019-09,cons,SANDHAR,not_listed,not_listed,2026-10-06
2019-09,cons,SBIN,listed_no_document,listed_no_document,2026-10-06
2019-09,cons,SYNDIBANK,listed_no_document,listed_no_document,2026-10-06
2019-09,sa,AARTIIND,not_listed,not_listed,2026-10-06
2019-09,sa,ACCELYA,listed_no_document,listed_no_document,2026-10-06
2019-09,sa,ALBK,not_listed,not_listed,2026-10-06
2019-09,sa,ALMONDZ,listed_no_document,listed_no_document,2026-10-06
2019-09,sa,AUBANK,listed_no_document,listed_no_document,2026-10-06
2019-09,sa,AXISBANK,listed_no_document,listed_no_document,2026-10-06
2019-09,sa,BAJAJFINSV,listed_no_document,listed_no_document,2026-10-06
2019-09,sa,BANDHANBNK,listed_no_document,listed_no_document,2026-10-06
2019-09,sa,CNL,not_listed,not_listed,2026-10-06
2019-09,sa,CORPBANK,not_listed,not_listed,2026-10-06
2019-09,sa,CREST,listed_no_document,listed_no_document,2026-10-06
2019-09,sa,DHUNINV,listed_no_document,listed_no_document,2026-10-06
2019-09,sa,EMKAY,listed_no_document,listed_no_document,2026-10-06
2019-09,sa,EQUITAS,listed_no_document,listed_no_document,2026-10-06
2019-09,sa,FEDERALBNK,listed_no_document,listed_no_document,2026-10-06
2019-09,sa,GMDCLTD,not_listed,not_listed,2026-10-06
2019-09,sa,IDFCFIRSTB,listed_no_document,listed_no_document,2026-10-06
2019-09,sa,INDIANB,listed_no_document,listed_no_document,2026-10-06
2019-09,sa,INDUSINDBK,listed_no_document,listed_no_document,2026-10-06
2019-09,sa,JETAIRWAYS,not_listed,not_listed,2026-10-06
2019-09,sa,JINDCOT,not_listed,not_listed,2026-10-06
2019-09,sa,KABRAEXTRU,not_listed,not_listed,2026-10-06
2019-09,sa,KCPSUGIND,not_listed,not_listed,2026-10-06
2019-09,sa,KESORAMIND,not_listed,not_listed,2026-10-06
2019-09,sa,KOTAKBANK,listed_no_document,listed_no_document,2026-10-06
2019-09,sa,KSERASERA,not_listed,not_listed,2026-10-06
2019-09,sa,KTKBANK,listed_no_document,listed_no_document,2026-10-06
2019-09,sa,LINC,not_listed,not_listed,2026-10-06
2019-09,sa,LLOYDSENGG,not_listed,not_listed,2026-10-06
2019-09,sa,MBLINFRA,not_listed,not_listed,2026-10-06
2019-09,sa,NAM-INDIA,listed_no_document,listed_no_document,2026-10-06
2019-09,sa,NEOGEN,not_listed,not_listed,2026-10-06
2019-09,sa,NIBL,not_listed,not_listed,2026-10-06
2019-09,sa,PENIND,not_listed,not_listed,2026-10-06
2019-09,sa,POCHIRAJU,not_listed,not_listed,2026-10-06
2019-09,sa,POLYMED,not_listed,not_listed,2026-10-06
2019-09,sa,RAJVIR,not_listed,not_listed,2026-10-06
2019-09,sa,RBLBANK,listed_no_document,listed_no_document,2026-10-06
2019-09,sa,RHFL,listed_no_document,listed_no_document,2026-10-06
2019-09,sa,ROLLT,listed_no_document,listed_no_document,2026-10-06
2019-09,sa,SANDHAR,not_listed,not_listed,2026-10-06
2019-09,sa,SANWARIA,not_listed,not_listed,2026-10-06
2019-09,sa,SBIN,listed_no_document,listed_no_document,2026-10-06
2019-09,sa,SHAKTIPUMP,not_listed,not_listed,2026-10-06
2019-09,sa,SHARONBIO,not_listed,not_listed,2026-10-06
2019-09,sa,SOMATEX,not_listed,not_listed,2026-10-06
2019-09,sa,SUJANAUNI,not_listed,not_listed,2026-10-06
2019-09,sa,TARMAT,not_listed,not_listed,2026-10-06
2019-09,sa,TASTYBITE,not_listed,not_listed,2026-10-06
2019-09,sa,TFCILTD,listed_no_document,listed_no_document,2026-10-06
2019-09,sa,VALUEIND,not_listed,not_listed,2026-10-06
2019-09,sa,VISAKAIND,not_listed,not_listed,2026-10-06
2021-03,cons,ADSL,not_listed,not_listed,2026-10-06
2021-03,cons,ALANKIT,listed_no_document,listed_no_document,2026-10-06
2021-03,cons,ALKEM,not_listed,not_listed,2026-10-06
2021-03,cons,AMJLAND,not_listed,not_listed,2026-10-06
2021-03,cons,BALMLAWRIE,listed_no_document,listed_no_document,2026-10-06
2021-03,cons,BRITANNIA,not_listed,not_listed,2026-10-06
2021-03,cons,BRNL,listed_no_document,listed_no_document,2026-10-06
2021-03,cons,CIGNITITEC,not_listed,not_listed,2026-10-06
2021-03,cons,CINEVISTA,listed_no_document,listed_no_document,2026-10-06
2021-03,cons,DBL,not_listed,not_listed,2026-10-06
2021-03,cons,DEEPENR,not_listed,not_listed,2026-10-06
2021-03,cons,EIDPARRY,not_listed,not_listed,2026-10-06
2021-03,cons,EXIDEIND,not_listed,not_listed,2026-10-06
2021-03,cons,GMDCLTD,listed_no_document,listed_no_document,2026-10-06
2021-03,cons,GREENPLY,not_listed,not_listed,2026-10-06
2021-03,cons,HEXATRADEX,not_listed,not_listed,2026-10-06
2021-03,cons,HINDOILEXP,not_listed,not_listed,2026-10-06
2021-03,cons,HUBTOWN,not_listed,not_listed,2026-10-06
2021-03,cons,IIFLCAPS,not_listed,not_listed,2026-10-06
2021-03,cons,INDSWFTLAB,not_listed,not_listed,2026-10-06
2021-03,cons,JITFINFRA,not_listed,not_listed,2026-10-06
2021-03,cons,JMFINANCIL,not_listed,not_listed,2026-10-06
2021-03,cons,KAUSHALYA,listed_no_document,listed_no_document,2026-10-06
2021-03,cons,KRBL,not_listed,not_listed,2026-10-06
2021-03,cons,MANUGRAPH,not_listed,not_listed,2026-10-06
2021-03,cons,MAWANASUG,not_listed,not_listed,2026-10-06
2021-03,cons,MMTC,not_listed,not_listed,2026-10-06
2021-03,cons,NAGAFERT,not_listed,not_listed,2026-10-06
2021-03,cons,NRBBEARING,not_listed,not_listed,2026-10-06
2021-03,cons,OCCL,not_listed,not_listed,2026-10-06
2021-03,cons,PRIMESECU,not_listed,not_listed,2026-10-06
2021-03,cons,PRUDMOULI,not_listed,not_listed,2026-10-06
2021-03,cons,RUCHINFRA,not_listed,not_listed,2026-10-06
2021-03,cons,S&SPOWER,listed_no_document,listed_no_document,2026-10-06
2021-03,cons,SAKUMA,listed_no_document,listed_no_document,2026-10-06
2021-03,cons,SANDESH,listed_no_document,listed_no_document,2026-10-06
2021-03,cons,SEPC,not_listed,not_listed,2026-10-06
2021-03,cons,SHALBY,not_listed,not_listed,2026-10-06
2021-03,cons,SHILPAMED,not_listed,not_listed,2026-10-06
2021-03,cons,SIL,not_listed,not_listed,2026-10-06
2021-03,cons,SIMBHALS,listed_no_document,listed_no_document,2026-10-06
2021-03,cons,SUNDARMFIN,not_listed,not_listed,2026-10-06
2021-03,cons,SUNTECK,listed_no_document,listed_no_document,2026-10-06
2021-03,cons,TATASTLBSL,not_listed,not_listed,2026-10-06
2021-03,cons,TOKYOPLAST,not_listed,not_listed,2026-10-06
2021-03,cons,TVTODAY,not_listed,not_listed,2026-10-06
2021-03,cons,UCAL,listed_no_document,listed_no_document,2026-10-06
2021-03,cons,UNIVASTU,not_listed,not_listed,2026-10-06
2021-03,cons,VLSFINANCE,not_listed,not_listed,2026-10-06
2021-03,cons,XPROINDIA,not_listed,not_listed,2026-10-06
2021-03,cons,ZENSARTECH,listed_no_document,listed_no_document,2026-10-06
2021-03,sa,AAKASH,not_listed,not_listed,2026-10-06
2021-03,sa,ALANKIT,listed_no_document,listed_no_document,2026-10-06
2021-03,sa,ANTGRAPHIC,listed_no_document,listed_no_document,2026-10-06
2021-03,sa,AVADHSUGAR,not_listed,not_listed,2026-10-06
2021-03,sa,BALMLAWRIE,listed_no_document,listed_no_document,2026-10-06
2021-03,sa,BHARATWIRE,not_listed,not_listed,2026-10-06
2021-03,sa,BILENERGY,not_listed,not_listed,2026-10-06
2021-03,sa,BRNL,listed_no_document,listed_no_document,2026-10-06
2021-03,sa,BROOKS,not_listed,not_listed,2026-10-06
2021-03,sa,CIGNITITEC,not_listed,not_listed,2026-10-06
2021-03,sa,CINEVISTA,listed_no_document,listed_no_document,2026-10-06
2021-03,sa,CREATIVEYE,listed_no_document,listed_no_document,2026-10-06
2021-03,sa,DBL,not_listed,not_listed,2026-10-06
2021-03,sa,DCMFINSERV,not_listed,not_listed,2026-10-06
2021-03,sa,DEEPENR,not_listed,not_listed,2026-10-06
2021-03,sa,EIDPARRY,listed_no_document,listed_no_document,2026-10-06
2021-03,sa,EKC,not_listed,not_listed,2026-10-06
2021-03,sa,EMMBI,not_listed,not_listed,2026-10-06
2021-03,sa,EUROMULTI,not_listed,not_listed,2026-10-06
2021-03,sa,FINEORG,not_listed,not_listed,2026-10-06
2021-03,sa,GALLANTT,not_listed,not_listed,2026-10-06
2021-03,sa,GANESHHOU,not_listed,not_listed,2026-10-06
2021-03,sa,GDL,not_listed,not_listed,2026-10-06
2021-03,sa,GMDCLTD,listed_no_document,listed_no_document,2026-10-06
2021-03,sa,GPPL,not_listed,not_listed,2026-10-06
2021-03,sa,GTECJAINX,not_listed,not_listed,2026-10-06
2021-03,sa,GUJAPOLLO,not_listed,not_listed,2026-10-06
2021-03,sa,HEXATRADEX,not_listed,not_listed,2026-10-06
2021-03,sa,IFBAGRO,not_listed,not_listed,2026-10-06
2021-03,sa,IIFLCAPS,not_listed,not_listed,2026-10-06
2021-03,sa,IL&FSENGG,not_listed,not_listed,2026-10-06
2021-03,sa,INDIGOPNTS,not_listed,not_listed,2026-10-06
2021-03,sa,IPCALAB,not_listed,not_listed,2026-10-06
2021-03,sa,ITC,not_listed,not_listed,2026-10-06
2021-03,sa,JETAIRWAYS,not_listed,not_listed,2026-10-06
2021-03,sa,JITFINFRA,not_listed,not_listed,2026-10-06
2021-03,sa,KANORICHEM,not_listed,not_listed,2026-10-06
2021-03,sa,KOPRAN,not_listed,not_listed,2026-10-06
2021-03,sa,MAFATLAFIN,not_listed,not_listed,2026-10-06
2021-03,sa,MAGNUM,listed_no_document,listed_no_document,2026-10-06
2021-03,sa,MAHSCOOTER,not_listed,not_listed,2026-10-06
2021-03,sa,MMTC,not_listed,not_listed,2026-10-06
2021-03,sa,NAGAFERT,listed_no_document,listed_no_document,2026-10-06
2021-03,sa,NAHARSPING,not_listed,not_listed,2026-10-06
2021-03,sa,NAVKARCORP,not_listed,not_listed,2026-10-06
2021-03,sa,OMINFRAL,not_listed,not_listed,2026-10-06
2021-03,sa,OMKARCHEM,listed_no_document,listed_no_document,2026-10-06
2021-03,sa,ORISSAMINE,not_listed,not_listed,2026-10-06
2021-03,sa,PNC,listed_no_document,listed_no_document,2026-10-06
2021-03,sa,PRIMESECU,not_listed,not_listed,2026-10-06
2021-03,sa,PRUDMOULI,not_listed,not_listed,2026-10-06
2021-03,sa,RUCHINFRA,not_listed,not_listed,2026-10-06
2021-03,sa,RUPA,not_listed,not_listed,2026-10-06
2021-03,sa,S&SPOWER,listed_no_document,listed_no_document,2026-10-06
2021-03,sa,SAKUMA,listed_no_document,listed_no_document,2026-10-06
2021-03,sa,SANDESH,listed_no_document,listed_no_document,2026-10-06
2021-03,sa,SHAHALLOYS,not_listed,not_listed,2026-10-06
2021-03,sa,SHIVATEX,not_listed,not_listed,2026-10-06
2021-03,sa,SIMBHALS,listed_no_document,listed_no_document,2026-10-06
2021-03,sa,SINTERCOM,not_listed,not_listed,2026-10-06
2021-03,sa,SMARTLINK,not_listed,not_listed,2026-10-06
2021-03,sa,SPMLINFRA,listed_no_document,listed_no_document,2026-10-06
2021-03,sa,SUNDARMFIN,not_listed,not_listed,2026-10-06
2021-03,sa,SUNTECK,listed_no_document,listed_no_document,2026-10-06
2021-03,sa,TATAELXSI,listed_no_document,listed_no_document,2026-10-06
2021-03,sa,TOKYOPLAST,not_listed,not_listed,2026-10-06
2021-03,sa,TTL,listed_no_document,listed_no_document,2026-10-06
2021-03,sa,TVSMOTOR,listed_document_404,listed_document_404,2026-10-06
2021-03,sa,UCAL,listed_no_document,listed_no_document,2026-10-06
2021-03,sa,UCOBANK,not_listed,not_listed,2026-10-06
2021-03,sa,UJAAS,listed_no_document,listed_no_document,2026-10-06
2021-03,sa,UNIVASTU,not_listed,not_listed,2026-10-06
2021-03,sa,VALUEIND,not_listed,not_listed,2026-10-06
2021-03,sa,ZENSARTECH,listed_no_document,listed_no_document,2026-10-06
2021-12,cons,A2ZINFRA,listed_no_document,listed_no_document,2026-10-06
2021-12,cons,AARTIIND,not_listed,not_listed,2026-10-06
2021-12,cons,ACC,listed_no_document,listed_no_document,2026-10-06
2021-12,cons,APLLTD,listed_no_document,listed_no_document,2026-10-06
2021-12,cons,ASPINWALL,not_listed,not_listed,2026-10-06
2021-12,cons,AXISCADES,listed_no_document,listed_no_document,2026-10-06
2021-12,cons,BASML,listed_no_document,listed_no_document,2026-10-06
2021-12,cons,BEML,listed_no_document,listed_no_document,2026-10-06
2021-12,cons,BHARATFORG,listed_no_document,listed_no_document,2026-10-06
2021-12,cons,BLISSGVS,listed_no_document,listed_no_document,2026-10-06
2021-12,cons,BLUECOAST,listed_no_document,listed_no_document,2026-10-06
2021-12,cons,CCAVENUE,listed_no_document,listed_no_document,2026-10-06
2021-12,cons,DEEPENR,listed_no_document,listed_no_document,2026-10-06
2021-12,cons,DELTAMAGNT,listed_no_document,listed_no_document,2026-10-06
2021-12,cons,DLINKINDIA,not_listed,not_listed,2026-10-06
2021-12,cons,FINCABLES,listed_no_document,listed_no_document,2026-10-06
2021-12,cons,GAYAHWS,listed_no_document,listed_no_document,2026-10-06
2021-12,cons,GVPIL,listed_no_document,listed_no_document,2026-10-06
2021-12,cons,HAL,listed_no_document,listed_no_document,2026-10-06
2021-12,cons,HESTERBIO,listed_no_document,listed_no_document,2026-10-06
2021-12,cons,INSECTICID,listed_no_document,listed_no_document,2026-10-06
2021-12,cons,JTEKTINDIA,listed_no_document,listed_no_document,2026-10-06
2021-12,cons,KANPRPLA,listed_no_document,listed_no_document,2026-10-06
2021-12,cons,KCP,listed_no_document,listed_no_document,2026-10-06
2021-12,cons,KDDL,listed_no_document,listed_no_document,2026-10-06
2021-12,cons,KIMS,listed_no_document,listed_no_document,2026-10-06
2021-12,cons,KIRLOSBROS,listed_no_document,listed_no_document,2026-10-06
2021-12,cons,KSERASERA,not_listed,not_listed,2026-10-06
2021-12,cons,LALPATHLAB,listed_no_document,listed_no_document,2026-10-06
2021-12,cons,M&M,listed_no_document,listed_no_document,2026-10-06
2021-12,cons,MANINDS,listed_no_document,listed_no_document,2026-10-06
2021-12,cons,MATRIMONY,listed_no_document,listed_no_document,2026-10-06
2021-12,cons,ONELIFECAP,not_listed,not_listed,2026-10-06
2021-12,cons,PARAGMILK,not_listed,not_listed,2026-10-06
2021-12,cons,PARAS,listed_no_document,listed_no_document,2026-10-06
2021-12,cons,PEL,listed_no_document,listed_no_document,2026-10-06
2021-12,cons,PETRONET,listed_no_document,listed_no_document,2026-10-06
2021-12,cons,PRESTIGE,listed_no_document,listed_no_document,2026-10-06
2021-12,cons,ROLTA,not_listed,not_listed,2026-10-06
2021-12,cons,SHYAMMETL,listed_no_document,listed_no_document,2026-10-06
2021-12,cons,SMARTLINK,listed_no_document,listed_no_document,2026-10-06
2021-12,cons,STAR,listed_no_document,listed_no_document,2026-10-06
2021-12,cons,SUMMITSEC,listed_no_document,listed_no_document,2026-10-06
2021-12,cons,SUNDRMFAST,listed_no_document,listed_no_document,2026-10-06
2021-12,cons,SUNFLAG,listed_no_document,listed_no_document,2026-10-06
2021-12,cons,SUNTV,listed_no_document,listed_no_document,2026-10-06
2021-12,cons,SWELECTES,listed_no_document,listed_no_document,2026-10-06
2021-12,cons,TATACHEM,listed_no_document,listed_no_document,2026-10-06
2021-12,cons,TREEHOUSE,listed_no_document,listed_no_document,2026-10-06
2021-12,cons,UNIDT,listed_no_document,listed_no_document,2026-10-06
2021-12,cons,UNIONBANK,listed_document_404,listed_document_404,2026-10-06
2021-12,cons,VARDMNPOLY,not_listed,not_listed,2026-10-06
2021-12,cons,VIDHIING,listed_no_document,listed_no_document,2026-10-06
2021-12,cons,VIJIFIN,listed_no_document,listed_no_document,2026-10-06
2021-12,cons,WELCORP,listed_no_document,listed_no_document,2026-10-06
2021-12,cons,XCHANGING,listed_no_document,listed_no_document,2026-10-06
2021-12,cons,ZEEMEDIA,listed_no_document,listed_no_document,2026-10-06
2021-12,sa,A2ZINFRA,listed_no_document,listed_no_document,2026-10-06
2021-12,sa,AARTIIND,not_listed,not_listed,2026-10-06
2021-12,sa,ACC,listed_no_document,listed_no_document,2026-10-06
2021-12,sa,AGRITECH,listed_no_document,listed_no_document,2026-10-06
2021-12,sa,APLLTD,listed_no_document,listed_no_document,2026-10-06
2021-12,sa,APOLLOHOSP,not_listed,not_listed,2026-10-06
2021-12,sa,AXISCADES,listed_no_document,listed_no_document,2026-10-06
2021-12,sa,AYMSYNTEX,listed_no_document,listed_no_document,2026-10-06
2021-12,sa,BASML,listed_no_document,listed_no_document,2026-10-06
2021-12,sa,BEML,listed_no_document,listed_no_document,2026-10-06
2021-12,sa,BHARATFORG,listed_no_document,listed_no_document,2026-10-06
2021-12,sa,BLISSGVS,listed_no_document,listed_no_document,2026-10-06
2021-12,sa,BLUECOAST,listed_no_document,listed_no_document,2026-10-06
2021-12,sa,CCAVENUE,listed_no_document,listed_no_document,2026-10-06
2021-12,sa,DAMODARIND,listed_no_document,listed_no_document,2026-10-06
2021-12,sa,DEEPENR,listed_no_document,listed_no_document,2026-10-06
2021-12,sa,DELTAMAGNT,listed_no_document,listed_no_document,2026-10-06
2021-12,sa,DLINKINDIA,not_listed,not_listed,2026-10-06
2021-12,sa,ELGIEQUIP,listed_no_document,listed_no_document,2026-10-06
2021-12,sa,FINCABLES,listed_no_document,listed_no_document,2026-10-06
2021-12,sa,GAYAHWS,listed_no_document,listed_no_document,2026-10-06
2021-12,sa,GVPIL,listed_no_document,listed_no_document,2026-10-06
2021-12,sa,HAL,listed_no_document,listed_no_document,2026-10-06
2021-12,sa,HESTERBIO,listed_no_document,listed_no_document,2026-10-06
2021-12,sa,INCREDIBLE,listed_no_document,listed_no_document,2026-10-06
2021-12,sa,INDIANHUME,listed_no_document,listed_no_document,2026-10-06
2021-12,sa,INSECTICID,listed_no_document,listed_no_document,2026-10-06
2021-12,sa,IRFC,listed_no_document,listed_no_document,2026-10-06
2021-12,sa,IVP,listed_no_document,listed_no_document,2026-10-06
2021-12,sa,JTEKTINDIA,listed_no_document,listed_no_document,2026-10-06
2021-12,sa,KANPRPLA,listed_no_document,listed_no_document,2026-10-06
2021-12,sa,KCP,listed_no_document,listed_no_document,2026-10-06
2021-12,sa,KDDL,listed_no_document,listed_no_document,2026-10-06
2021-12,sa,KIMS,listed_no_document,listed_no_document,2026-10-06
2021-12,sa,KIRIINDUS,listed_no_document,listed_no_document,2026-10-06
2021-12,sa,KIRLOSBROS,listed_no_document,listed_no_document,2026-10-06
2021-12,sa,KSERASERA,not_listed,not_listed,2026-10-06
2021-12,sa,LALPATHLAB,listed_no_document,listed_no_document,2026-10-06
2021-12,sa,M&M,listed_no_document,listed_no_document,2026-10-06
2021-12,sa,MANINDS,listed_no_document,listed_no_document,2026-10-06
2021-12,sa,MATRIMONY,listed_no_document,listed_no_document,2026-10-06
2021-12,sa,MMP,listed_no_document,listed_no_document,2026-10-06
2021-12,sa,NDL,listed_no_document,listed_no_document,2026-10-06
2021-12,sa,ONELIFECAP,not_listed,not_listed,2026-10-06
2021-12,sa,ONIDA,listed_no_document,listed_no_document,2026-10-06
2021-12,sa,PAGEIND,listed_no_document,listed_no_document,2026-10-06
2021-12,sa,PARAGMILK,not_listed,not_listed,2026-10-06
2021-12,sa,PARAS,listed_no_document,listed_no_document,2026-10-06
2021-12,sa,PEL,listed_no_document,listed_no_document,2026-10-06
2021-12,sa,PETRONET,listed_no_document,listed_no_document,2026-10-06
2021-12,sa,PRESTIGE,listed_no_document,listed_no_document,2026-10-06
2021-12,sa,PSB,listed_document_404,listed_document_404,2026-10-06
2021-12,sa,RANASUG,listed_no_document,listed_no_document,2026-10-06
2021-12,sa,RML,not_listed,not_listed,2026-10-06
2021-12,sa,ROLTA,not_listed,not_listed,2026-10-06
2021-12,sa,SHAKTIPUMP,not_listed,not_listed,2026-10-06
2021-12,sa,SHYAMMETL,listed_no_document,listed_no_document,2026-10-06
2021-12,sa,SIYSIL,listed_no_document,listed_no_document,2026-10-06
2021-12,sa,SMARTLINK,listed_no_document,listed_no_document,2026-10-06
2021-12,sa,SMLMAH,listed_no_document,listed_no_document,2026-10-06
2021-12,sa,STAR,listed_no_document,listed_no_document,2026-10-06
2021-12,sa,SUMMITSEC,listed_no_document,listed_no_document,2026-10-06
2021-12,sa,SUNDRMFAST,listed_no_document,listed_no_document,2026-10-06
2021-12,sa,SUNFLAG,listed_no_document,listed_no_document,2026-10-06
2021-12,sa,SUNTV,listed_no_document,listed_no_document,2026-10-06
2021-12,sa,SWELECTES,listed_no_document,listed_no_document,2026-10-06
2021-12,sa,TATACHEM,listed_no_document,listed_no_document,2026-10-06
2021-12,sa,TECHIN,listed_no_document,listed_no_document,2026-10-06
2021-12,sa,TGBHOTELS,not_listed,not_listed,2026-10-06
2021-12,sa,TPLPLASTEH,listed_no_document,listed_no_document,2026-10-06
2021-12,sa,TREEHOUSE,listed_no_document,listed_no_document,2026-10-06
2021-12,sa,VIDHIING,listed_no_document,listed_no_document,2026-10-06
2021-12,sa,VIJIFIN,listed_no_document,listed_no_document,2026-10-06
2021-12,sa,VIKASECO,not_listed,not_listed,2026-10-06
2021-12,sa,VMART,listed_no_document,listed_no_document,2026-10-06
2021-12,sa,WELCORP,listed_no_document,listed_no_document,2026-10-06
2021-12,sa,WILLAMAGOR,listed_no_document,listed_no_document,2026-10-06
2021-12,sa,XCHANGING,listed_no_document,listed_no_document,2026-10-06
2021-12,sa,ZEELEARN,not_listed,not_listed,2026-10-06
2021-12,sa,ZEEMEDIA,listed_no_document,listed_no_document,2026-10-06
2022-06,cons,360ONE,not_listed,not_listed,2026-10-06
2022-06,cons,3IINFOLTD,not_listed,not_listed,2026-10-06
2022-06,cons,3PLAND,not_listed,not_listed,2026-10-06
2022-06,cons,5PAISA,not_listed,not_listed,2026-10-06
2022-06,cons,AARTIDRUGS,not_listed,not_listed,2026-10-06
2022-06,cons,ABCAPITAL,not_listed,not_listed,2026-10-06
2022-06,cons,ABREL,not_listed,not_listed,2026-10-06
2022-06,cons,ACCELYA,not_listed,not_listed,2026-10-06
2022-06,cons,ADANIENSOL,not_listed,not_listed,2026-10-06
2022-06,cons,ADANIENT,not_listed,not_listed,2026-10-06
2022-06,cons,ADFFOODS,not_listed,not_listed,2026-10-06
2022-06,cons,AFFLE,not_listed,not_listed,2026-10-06
2022-06,cons,ALKEM,not_listed,not_listed,2026-10-06
2022-06,cons,ALLDIGI,not_listed,not_listed,2026-10-06
2022-06,cons,ALOKINDS,not_listed,not_listed,2026-10-06
2022-06,cons,AMBUJACEM,not_listed,not_listed,2026-10-06
2022-06,cons,AMJLAND,not_listed,not_listed,2026-10-06
2022-06,cons,ANANDRATHI,not_listed,not_listed,2026-10-06
2022-06,cons,APTECHT,not_listed,not_listed,2026-10-06
2022-06,cons,APTUS,not_listed,not_listed,2026-10-06
2022-06,cons,ARMANFIN,not_listed,not_listed,2026-10-06
2022-06,cons,ASAHIINDIA,not_listed,not_listed,2026-10-06
2022-06,cons,ASHOKLEY,not_listed,not_listed,2026-10-06
2022-06,cons,ASTEC,not_listed,not_listed,2026-10-06
2022-06,cons,AURUM,not_listed,not_listed,2026-10-06
2022-06,cons,AWL,not_listed,not_listed,2026-10-06
2022-06,cons,BAJAJ-AUTO,not_listed,not_listed,2026-10-06
2022-06,cons,BALKRISIND,not_listed,not_listed,2026-10-06
2022-06,cons,BALMLAWRIE,not_listed,not_listed,2026-10-06
2022-06,cons,BANKBARODA,not_listed,not_listed,2026-10-06
2022-06,cons,BANKINDIA,not_listed,not_listed,2026-10-06
2022-06,cons,BEPL,not_listed,not_listed,2026-10-06
2022-06,cons,BERGEPAINT,not_listed,not_listed,2026-10-06
2022-06,cons,BHAGYAPROP,not_listed,not_listed,2026-10-06
2022-06,cons,BHEL,not_listed,not_listed,2026-10-06
2022-06,cons,BIRLANU,not_listed,not_listed,2026-10-06
2022-06,cons,BLISSGVS,not_listed,not_listed,2026-10-06
2022-06,cons,BOSCHLTD,not_listed,not_listed,2026-10-06
2022-06,cons,BPCL,not_listed,not_listed,2026-10-06
2022-06,cons,BRITANNIA,not_listed,not_listed,2026-10-06
2022-06,cons,CAPTRUST,not_listed,not_listed,2026-10-06
2022-06,cons,CARERATING,not_listed,not_listed,2026-10-06
2022-06,cons,CARTRADE,not_listed,not_listed,2026-10-06
2022-06,cons,CCAVENUE,not_listed,not_listed,2026-10-06
2022-06,cons,CDSL,not_listed,not_listed,2026-10-06
2022-06,cons,CEATLTD,not_listed,not_listed,2026-10-06
2022-06,cons,CENTRUM,not_listed,not_listed,2026-10-06
2022-06,cons,CENTURYPLY,not_listed,not_listed,2026-10-06
2022-06,cons,CERA,not_listed,not_listed,2026-10-06
2022-06,cons,CHAMBLFERT,not_listed,not_listed,2026-10-06
2022-06,cons,CHENNPETRO,not_listed,not_listed,2026-10-06
2022-06,cons,CHOICEIN,not_listed,not_listed,2026-10-06
2022-06,cons,CIEINDIA,not_listed,not_listed,2026-10-06
2022-06,cons,CIPLA,not_listed,not_listed,2026-10-06
2022-06,cons,COASTCORP,not_listed,not_listed,2026-10-06
2022-06,cons,COMPUSOFT,not_listed,not_listed,2026-10-06
2022-06,cons,CONTROLPR,not_listed,not_listed,2026-10-06
2022-06,cons,COROMANDEL,not_listed,not_listed,2026-10-06
2022-06,cons,CRAFTSMAN,not_listed,not_listed,2026-10-06
2022-06,cons,CREDITACC,not_listed,not_listed,2026-10-06
2022-06,cons,CRISIL,not_listed,not_listed,2026-10-06
2022-06,cons,CYBERTECH,not_listed,not_listed,2026-10-06
2022-06,cons,DATAMATICS,not_listed,not_listed,2026-10-06
2022-06,cons,DCMSHRIRAM,not_listed,not_listed,2026-10-06
2022-06,cons,DHARAN,not_listed,not_listed,2026-10-06
2022-06,cons,DHUNINV,not_listed,not_listed,2026-10-06
2022-06,cons,EASEMYTRIP,not_listed,not_listed,2026-10-06
2022-06,cons,EDELWEISS,not_listed,not_listed,2026-10-06
2022-06,cons,ELECON,not_listed,not_listed,2026-10-06
2022-06,cons,EMAMILTD,not_listed,not_listed,2026-10-06
2022-06,cons,EPIGRAL,not_listed,not_listed,2026-10-06
2022-06,cons,ERIS,not_listed,not_listed,2026-10-06
2022-06,cons,FLUOROCHEM,not_listed,not_listed,2026-10-06
2022-06,cons,FSL,not_listed,not_listed,2026-10-06
2022-06,cons,GANESHHOU,not_listed,not_listed,2026-10-06
2022-06,cons,GANGESSECU,not_listed,not_listed,2026-10-06
2022-06,cons,GARFIBRES,not_listed,not_listed,2026-10-06
2022-06,cons,GATECH,not_listed,not_listed,2026-10-06
2022-06,cons,GEOJITFSL,not_listed,not_listed,2026-10-06
2022-06,cons,GICHSGFIN,not_listed,not_listed,2026-10-06
2022-06,cons,GLAND,not_listed,not_listed,2026-10-06
2022-06,cons,GLAXO,not_listed,not_listed,2026-10-06
2022-06,cons,GMRAIRPORT,not_listed,not_listed,2026-10-06
2022-06,cons,GODREJCP,not_listed,not_listed,2026-10-06
2022-06,cons,GPPL,not_listed,not_listed,2026-10-06
2022-06,cons,GREENPOWER,not_listed,not_listed,2026-10-06
2022-06,cons,GRINDWELL,not_listed,not_listed,2026-10-06
2022-06,cons,GRWRHITECH,not_listed,not_listed,2026-10-06
2022-06,cons,GSPL,not_listed,not_listed,2026-10-06
2022-06,cons,GTECJAINX,not_listed,not_listed,2026-10-06
2022-06,cons,GUJENERGY,not_listed,not_listed,2026-10-06
2022-06,cons,HATHWAY,not_listed,not_listed,2026-10-06
2022-06,cons,HAVELLS,not_listed,not_listed,2026-10-06
2022-06,cons,HCC,not_listed,not_listed,2026-10-06
2022-06,cons,HDFC,not_listed,not_listed,2026-10-06
2022-06,cons,HFCL,not_listed,not_listed,2026-10-06
2022-06,cons,HINDOILEXP,not_listed,not_listed,2026-10-06
2022-06,cons,HMVL,not_listed,not_listed,2026-10-06
2022-06,cons,IDBI,not_listed,not_listed,2026-10-06
2022-06,cons,IDFCFIRSTB,not_listed,not_listed,2026-10-06
2022-06,cons,INDIANB,not_listed,not_listed,2026-10-06
2022-06,cons,INOXLEISUR,not_listed,not_listed,2026-10-06
2022-06,cons,IOB,not_listed,not_listed,2026-10-06
2022-06,cons,IOC,not_listed,not_listed,2026-10-06
2022-06,cons,IRB,not_listed,not_listed,2026-10-06
2022-06,cons,J&KBANK,not_listed,not_listed,2026-10-06
2022-06,cons,JETFREIGHT,not_listed,not_listed,2026-10-06
2022-06,cons,JINDALSAW,not_listed,not_listed,2026-10-06
2022-06,cons,JINDALSTEL,not_listed,not_listed,2026-10-06
2022-06,cons,JINDRILL,not_listed,not_listed,2026-10-06
2022-06,cons,JKLAKSHMI,not_listed,not_listed,2026-10-06
2022-06,cons,JMCPROJECT,not_listed,not_listed,2026-10-06
2022-06,cons,JMFINANCIL,not_listed,not_listed,2026-10-06
2022-06,cons,JSWENERGY,not_listed,not_listed,2026-10-06
2022-06,cons,JSWHL,not_listed,not_listed,2026-10-06
2022-06,cons,JSWISPL,not_listed,not_listed,2026-10-06
2022-06,cons,JSWSTEEL,not_listed,not_listed,2026-10-06
2022-06,cons,JUBLPHARMA,not_listed,not_listed,2026-10-06
2022-06,cons,KABRAEXTRU,not_listed,not_listed,2026-10-06
2022-06,cons,KAJARIACER,not_listed,not_listed,2026-10-06
2022-06,cons,KALYANKJIL,not_listed,not_listed,2026-10-06
2022-06,cons,KEC,not_listed,not_listed,2026-10-06
2022-06,cons,KESORAMIND,not_listed,not_listed,2026-10-06
2022-06,cons,KKCL,not_listed,not_listed,2026-10-06
2022-06,cons,KOTAKBANK,not_listed,not_listed,2026-10-06
2022-06,cons,LATENTVIEW,not_listed,not_listed,2026-10-06
2022-06,cons,LEMONTREE,not_listed,not_listed,2026-10-06
2022-06,cons,LODHA,not_listed,not_listed,2026-10-06
2022-06,cons,LUPIN,not_listed,not_listed,2026-10-06
2022-06,cons,MAHABANK,not_listed,not_listed,2026-10-06
2022-06,cons,MAHEPC,not_listed,not_listed,2026-10-06
2022-06,cons,MALLCOM,not_listed,not_listed,2026-10-06
2022-06,cons,MANINFRA,not_listed,not_listed,2026-10-06
2022-06,cons,MASFIN,not_listed,not_listed,2026-10-06
2022-06,cons,MASTEK,not_listed,not_listed,2026-10-06
2022-06,cons,MAXIND,not_listed,not_listed,2026-10-06
2022-06,cons,MAXVIL,not_listed,not_listed,2026-10-06
2022-06,cons,METROBRAND,not_listed,not_listed,2026-10-06
2022-06,cons,MHRIL,not_listed,not_listed,2026-10-06
2022-06,cons,MICEL,not_listed,not_listed,2026-10-06
2022-06,cons,MMTC,not_listed,not_listed,2026-10-06
2022-06,cons,MOL,not_listed,not_listed,2026-10-06
2022-06,cons,MONTECARLO,not_listed,not_listed,2026-10-06
2022-06,cons,MOREPENLAB,not_listed,not_listed,2026-10-06
2022-06,cons,MPHASIS,not_listed,not_listed,2026-10-06
2022-06,cons,NAHARPOLY,not_listed,not_listed,2026-10-06
2022-06,cons,NDGL,not_listed,not_listed,2026-10-06
2022-06,cons,NDTV,not_listed,not_listed,2026-10-06
2022-06,cons,NETWORK18,not_listed,not_listed,2026-10-06
2022-06,cons,NIBL,not_listed,not_listed,2026-10-06
2022-06,cons,NILKAMAL,not_listed,not_listed,2026-10-06
2022-06,cons,NYKAA,not_listed,not_listed,2026-10-06
2022-06,cons,OBEROIRLTY,not_listed,not_listed,2026-10-06
2022-06,cons,OFSS,not_listed,not_listed,2026-10-06
2022-06,cons,ONMOBILE,not_listed,not_listed,2026-10-06
2022-06,cons,ORIENTBELL,not_listed,not_listed,2026-10-06
2022-06,cons,PARAS,not_listed,not_listed,2026-10-06
2022-06,cons,PAYTM,not_listed,not_listed,2026-10-06
2022-06,cons,PCBL,not_listed,not_listed,2026-10-06
2022-06,cons,PEL,not_listed,not_listed,2026-10-06
2022-06,cons,PERSISTENT,not_listed,not_listed,2026-10-06
2022-06,cons,PIXTRANS,not_listed,not_listed,2026-10-06
2022-06,cons,PNB,not_listed,not_listed,2026-10-06
2022-06,cons,PNBHOUSING,not_listed,not_listed,2026-10-06
2022-06,cons,POLYMED,not_listed,not_listed,2026-10-06
2022-06,cons,PRIMESECU,not_listed,not_listed,2026-10-06
2022-06,cons,PRITIKAUTO,not_listed,not_listed,2026-10-06
2022-06,cons,PRSMJOHNSN,not_listed,not_listed,2026-10-06
2022-06,cons,PRUDENT,not_listed,not_listed,2026-10-06
2022-06,cons,PVRINOX,not_listed,not_listed,2026-10-06
2022-06,cons,QUICKHEAL,not_listed,not_listed,2026-10-06
2022-06,cons,RAIN,not_listed,not_listed,2026-10-06
2022-06,cons,RAJRATAN,not_listed,not_listed,2026-10-06
2022-06,cons,RAMCOSYS,not_listed,not_listed,2026-10-06
2022-06,cons,REDINGTON,not_listed,not_listed,2026-10-06
2022-06,cons,RIIL,not_listed,not_listed,2026-10-06
2022-06,cons,RML,not_listed,not_listed,2026-10-06
2022-06,cons,ROHLTD,not_listed,not_listed,2026-10-06
2022-06,cons,ROUTE,not_listed,not_listed,2026-10-06
2022-06,cons,SAGCEM,not_listed,not_listed,2026-10-06
2022-06,cons,SANDHAR,not_listed,not_listed,2026-10-06
2022-06,cons,SANGAMIND,not_listed,not_listed,2026-10-06
2022-06,cons,SARDAEN,not_listed,not_listed,2026-10-06
2022-06,cons,SASKEN,not_listed,not_listed,2026-10-06
2022-06,cons,SATIN,not_listed,not_listed,2026-10-06
2022-06,cons,SBIN,not_listed,not_listed,2026-10-06
2022-06,cons,SDBL,not_listed,not_listed,2026-10-06
2022-06,cons,SHAH,not_listed,not_listed,2026-10-06
2022-06,cons,SHALBY,not_listed,not_listed,2026-10-06
2022-06,cons,SHANKARA,not_listed,not_listed,2026-10-06
2022-06,cons,SHAREINDIA,not_listed,not_listed,2026-10-06
2022-06,cons,SHRIPISTON,not_listed,not_listed,2026-10-06
2022-06,cons,SHYAMMETL,not_listed,not_listed,2026-10-06
2022-06,cons,SIEMENS,not_listed,not_listed,2026-10-06
2022-06,cons,SIGACHI,not_listed,not_listed,2026-10-06
2022-06,cons,SILINV,not_listed,not_listed,2026-10-06
2022-06,cons,SJS,not_listed,not_listed,2026-10-06
2022-06,cons,SKIL,not_listed,not_listed,2026-10-06
2022-06,cons,SMARTLINK,not_listed,not_listed,2026-10-06
2022-06,cons,SOLARINDS,not_listed,not_listed,2026-10-06
2022-06,cons,SRF,not_listed,not_listed,2026-10-06
2022-06,cons,STLTECH,not_listed,not_listed,2026-10-06
2022-06,cons,SUNDROP,not_listed,not_listed,2026-10-06
2022-06,cons,SUPREMEIND,not_listed,not_listed,2026-10-06
2022-06,cons,SYNGENE,not_listed,not_listed,2026-10-06
2022-06,cons,TANLA,not_listed,not_listed,2026-10-06
2022-06,cons,TATACOFFEE,not_listed,not_listed,2026-10-06
2022-06,cons,TATACOMM,not_listed,not_listed,2026-10-06
2022-06,cons,TATAINVEST,not_listed,not_listed,2026-10-06
2022-06,cons,TATAPOWER,not_listed,not_listed,2026-10-06
2022-06,cons,TATASTEEL,not_listed,not_listed,2026-10-06
2022-06,cons,TATVA,not_listed,not_listed,2026-10-06
2022-06,cons,TECHM,not_listed,not_listed,2026-10-06
2022-06,cons,TORNTPHARM,not_listed,not_listed,2026-10-06
2022-06,cons,TRF,not_listed,not_listed,2026-10-06
2022-06,cons,TRIGYN,not_listed,not_listed,2026-10-06
2022-06,cons,TSFINV,not_listed,not_listed,2026-10-06
2022-06,cons,TVSHLTD,not_listed,not_listed,2026-10-06
2022-06,cons,UBL,not_listed,not_listed,2026-10-06
2022-06,cons,UCOBANK,not_listed,not_listed,2026-10-06
2022-06,cons,UJJIVAN,not_listed,not_listed,2026-10-06
2022-06,cons,ULTRACEMCO,not_listed,not_listed,2026-10-06
2022-06,cons,VAIBHAVGBL,not_listed,not_listed,2026-10-06
2022-06,cons,VENUSREM,not_listed,not_listed,2026-10-06
2022-06,cons,VGUARD,not_listed,not_listed,2026-10-06
2022-06,cons,VIMTALABS,not_listed,not_listed,2026-10-06
2022-06,cons,VTL,not_listed,not_listed,2026-10-06
2022-06,cons,WELCORP,not_listed,not_listed,2026-10-06
2022-06,cons,WELENT,not_listed,not_listed,2026-10-06
2022-06,cons,WENDT,not_listed,not_listed,2026-10-06
2022-06,cons,WIPRO,not_listed,not_listed,2026-10-06
2022-06,cons,ZEEMEDIA,not_listed,not_listed,2026-10-06
2022-06,cons,ZENITHSTL,not_listed,not_listed,2026-10-06
2022-06,cons,ZUARI,not_listed,not_listed,2026-10-06
2022-06,cons,ZYDUSWELL,not_listed,not_listed,2026-10-06
2022-06,sa,20MICRONS,not_listed,not_listed,2026-10-06
2022-06,sa,3PLAND,not_listed,not_listed,2026-10-06
2022-06,sa,5PAISA,not_listed,not_listed,2026-10-06
2022-06,sa,AARON,not_listed,not_listed,2026-10-06
2022-06,sa,ABCAPITAL,not_listed,not_listed,2026-10-06
2022-06,sa,ABREL,not_listed,not_listed,2026-10-06
2022-06,sa,ABSLAMC,not_listed,not_listed,2026-10-06
2022-06,sa,ACCELYA,not_listed,not_listed,2026-10-06
2022-06,sa,ADFFOODS,not_listed,not_listed,2026-10-06
2022-06,sa,AJANTPHARM,not_listed,not_listed,2026-10-06
2022-06,sa,AJOONI,not_listed,not_listed,2026-10-06
2022-06,sa,AKSHOPTFBR,not_listed,not_listed,2026-10-06
2022-06,sa,AMBUJACEM,not_listed,not_listed,2026-10-06
2022-06,sa,ANGELONE,not_listed,not_listed,2026-10-06
2022-06,sa,ANTGRAPHIC,not_listed,not_listed,2026-10-06
2022-06,sa,APEX,not_listed,not_listed,2026-10-06
2022-06,sa,APLAPOLLO,not_listed,not_listed,2026-10-06
2022-06,sa,APOLLOPIPE,not_listed,not_listed,2026-10-06
2022-06,sa,APTECHT,not_listed,not_listed,2026-10-06
2022-06,sa,APTUS,not_listed,not_listed,2026-10-06
2022-06,sa,ARIHANTSUP,not_listed,not_listed,2026-10-06
2022-06,sa,ASAHIINDIA,not_listed,not_listed,2026-10-06
2022-06,sa,ASHOKLEY,not_listed,not_listed,2026-10-06
2022-06,sa,ASIANPAINT,not_listed,not_listed,2026-10-06
2022-06,sa,ASTEC,not_listed,not_listed,2026-10-06
2022-06,sa,ATGL,not_listed,not_listed,2026-10-06
2022-06,sa,AURIONPRO,not_listed,not_listed,2026-10-06
2022-06,sa,AURUM,not_listed,not_listed,2026-10-06
2022-06,sa,AVADHSUGAR,not_listed,not_listed,2026-10-06
2022-06,sa,BAJAJ-AUTO,not_listed,not_listed,2026-10-06
2022-06,sa,BAJAJCON,not_listed,not_listed,2026-10-06
2022-06,sa,BALMLAWRIE,not_listed,not_listed,2026-10-06
2022-06,sa,BANARBEADS,not_listed,not_listed,2026-10-06
2022-06,sa,BANKBARODA,not_listed,not_listed,2026-10-06
2022-06,sa,BANKINDIA,not_listed,not_listed,2026-10-06
2022-06,sa,BANSWRAS,not_listed,not_listed,2026-10-06
2022-06,sa,BEL,not_listed,not_listed,2026-10-06
2022-06,sa,BEML,not_listed,not_listed,2026-10-06
2022-06,sa,BHARATGEAR,not_listed,not_listed,2026-10-06
2022-06,sa,BIRLAMONEY,not_listed,not_listed,2026-10-06
2022-06,sa,BLUESTARCO,not_listed,not_listed,2026-10-06
2022-06,sa,BOSCH-HCIL,not_listed,not_listed,2026-10-06
2022-06,sa,BOSCHLTD,not_listed,not_listed,2026-10-06
2022-06,sa,BPCL,not_listed,not_listed,2026-10-06
2022-06,sa,BSE,not_listed,not_listed,2026-10-06
2022-06,sa,BSOFT,not_listed,not_listed,2026-10-06
2022-06,sa,CARERATING,not_listed,not_listed,2026-10-06
2022-06,sa,CARTRADE,not_listed,not_listed,2026-10-06
2022-06,sa,CASTROLIND,not_listed,not_listed,2026-10-06
2022-06,sa,CEATLTD,not_listed,not_listed,2026-10-06
2022-06,sa,CENTURYPLY,not_listed,not_listed,2026-10-06
2022-06,sa,CHAMBLFERT,not_listed,not_listed,2026-10-06
2022-06,sa,CHENNPETRO,not_listed,not_listed,2026-10-06
2022-06,sa,CHOICEIN,not_listed,not_listed,2026-10-06
2022-06,sa,CHOLAHLDNG,not_listed,not_listed,2026-10-06
2022-06,sa,CIPLA,not_listed,not_listed,2026-10-06
2022-06,sa,CLEDUCATE,not_listed,not_listed,2026-10-06
2022-06,sa,COASTCORP,not_listed,not_listed,2026-10-06
2022-06,sa,CONSOFINVT,not_listed,not_listed,2026-10-06
2022-06,sa,CRAFTSMAN,not_listed,not_listed,2026-10-06
2022-06,sa,CREDITACC,not_listed,not_listed,2026-10-06
2022-06,sa,CREST,not_listed,not_listed,2026-10-06
2022-06,sa,CROMPTON,not_listed,not_listed,2026-10-06
2022-06,sa,CUB,not_listed,not_listed,2026-10-06
2022-06,sa,CYBERTECH,not_listed,not_listed,2026-10-06
2022-06,sa,DATAMATICS,not_listed,not_listed,2026-10-06
2022-06,sa,DBSTOCKBRO,not_listed,not_listed,2026-10-06
2022-06,sa,DCBBANK,not_listed,not_listed,2026-10-06
2022-06,sa,DCMSHRIRAM,not_listed,not_listed,2026-10-06
2022-06,sa,DELTACORP,not_listed,not_listed,2026-10-06
2022-06,sa,DENORA,not_listed,not_listed,2026-10-06
2022-06,sa,DFMFOODS,not_listed,not_listed,2026-10-06
2022-06,sa,DGCONTENT,not_listed,not_listed,2026-10-06
2022-06,sa,DHANBANK,not_listed,not_listed,2026-10-06
2022-06,sa,DHARAN,not_listed,not_listed,2026-10-06
2022-06,sa,DPWIRES,not_listed,not_listed,2026-10-06
2022-06,sa,DRCSYSTEMS,not_listed,not_listed,2026-10-06
2022-06,sa,E2E,not_listed,not_listed,2026-10-06
2022-06,sa,EDELWEISS,not_listed,not_listed,2026-10-06
2022-06,sa,EIHAHOTELS,not_listed,not_listed,2026-10-06
2022-06,sa,EIMCOELECO,not_listed,not_listed,2026-10-06
2022-06,sa,ELECON,not_listed,not_listed,2026-10-06
2022-06,sa,EMAMILTD,not_listed,not_listed,2026-10-06
2022-06,sa,EMKAY,not_listed,not_listed,2026-10-06
2022-06,sa,EPIGRAL,not_listed,not_listed,2026-10-06
2022-06,sa,EPL,not_listed,not_listed,2026-10-06
2022-06,sa,EQUITASBNK,not_listed,not_listed,2026-10-06
2022-06,sa,ESSENTIA,not_listed,not_listed,2026-10-06
2022-06,sa,FACT,not_listed,not_listed,2026-10-06
2022-06,sa,FCL,not_listed,not_listed,2026-10-06
2022-06,sa,FDC,not_listed,not_listed,2026-10-06
2022-06,sa,FINPIPE,not_listed,not_listed,2026-10-06
2022-06,sa,FOSECOIND,not_listed,not_listed,2026-10-06
2022-06,sa,GABRIEL,not_listed,not_listed,2026-10-06
2022-06,sa,GANESHHOU,not_listed,not_listed,2026-10-06
2022-06,sa,GANGAFORGE,not_listed,not_listed,2026-10-06
2022-06,sa,GEOJITFSL,not_listed,not_listed,2026-10-06
2022-06,sa,GICHSGFIN,not_listed,not_listed,2026-10-06
2022-06,sa,GLAND,not_listed,not_listed,2026-10-06
2022-06,sa,GODFRYPHLP,not_listed,not_listed,2026-10-06
2022-06,sa,GODREJAGRO,not_listed,not_listed,2026-10-06
2022-06,sa,GODREJPROP,not_listed,not_listed,2026-10-06
2022-06,sa,GOKEX,not_listed,not_listed,2026-10-06
2022-06,sa,GOKULAGRO,not_listed,not_listed,2026-10-06
2022-06,sa,GPIL,not_listed,not_listed,2026-10-06
2022-06,sa,GPTINFRA,not_listed,not_listed,2026-10-06
2022-06,sa,GRAVITA,not_listed,not_listed,2026-10-06
2022-06,sa,GREENLAM,not_listed,not_listed,2026-10-06
2022-06,sa,GREENPANEL,not_listed,not_listed,2026-10-06
2022-06,sa,GRINDWELL,not_listed,not_listed,2026-10-06
2022-06,sa,GRPLTD,not_listed,not_listed,2026-10-06
2022-06,sa,GULFOILLUB,not_listed,not_listed,2026-10-06
2022-06,sa,HAPPSTMNDS,not_listed,not_listed,2026-10-06
2022-06,sa,HATSUN,not_listed,not_listed,2026-10-06
2022-06,sa,HAVELLS,not_listed,not_listed,2026-10-06
2022-06,sa,HAVISHA,not_listed,not_listed,2026-10-06
2022-06,sa,HBSL,not_listed,not_listed,2026-10-06
2022-06,sa,HCC,not_listed,not_listed,2026-10-06
2022-06,sa,HDFC,not_listed,not_listed,2026-10-06
2022-06,sa,HEADSUP,not_listed,not_listed,2026-10-06
2022-06,sa,HEALTHX,not_listed,not_listed,2026-10-06
2022-06,sa,HEIDELBERG,not_listed,not_listed,2026-10-06
2022-06,sa,HEMIPROP,not_listed,not_listed,2026-10-06
2022-06,sa,HERITGFOOD,not_listed,not_listed,2026-10-06
2022-06,sa,HFCL,not_listed,not_listed,2026-10-06
2022-06,sa,HINDOILEXP,not_listed,not_listed,2026-10-06
2022-06,sa,HITECHCORP,not_listed,not_listed,2026-10-06
2022-06,sa,HUDCO,not_listed,not_listed,2026-10-06
2022-06,sa,ICICIBANK,not_listed,not_listed,2026-10-06
2022-06,sa,IDBI,not_listed,not_listed,2026-10-06
2022-06,sa,IGPL,not_listed,not_listed,2026-10-06
2022-06,sa,IITL,not_listed,not_listed,2026-10-06
2022-06,sa,INDBANK,not_listed,not_listed,2026-10-06
2022-06,sa,INDIAMART,not_listed,not_listed,2026-10-06
2022-06,sa,INDIANB,not_listed,not_listed,2026-10-06
2022-06,sa,INDIGO,not_listed,not_listed,2026-10-06
2022-06,sa,INDOBORAX,not_listed,not_listed,2026-10-06
2022-06,sa,INDUSTOWER,not_listed,not_listed,2026-10-06
2022-06,sa,INFOMEDIA,not_listed,not_listed,2026-10-06
2022-06,sa,IOC,not_listed,not_listed,2026-10-06
2022-06,sa,IRFC,not_listed,not_listed,2026-10-06
2022-06,sa,IRISDOREME,not_listed,not_listed,2026-10-06
2022-06,sa,IVC,not_listed,not_listed,2026-10-06
2022-06,sa,J&KBANK,not_listed,not_listed,2026-10-06
2022-06,sa,JAYAGROGN,not_listed,not_listed,2026-10-06
2022-06,sa,JINDALPHOT,not_listed,not_listed,2026-10-06
2022-06,sa,JINDALSAW,not_listed,not_listed,2026-10-06
2022-06,sa,JINDALSTEL,not_listed,not_listed,2026-10-06
2022-06,sa,JINDRILL,not_listed,not_listed,2026-10-06
2022-06,sa,JKLAKSHMI,not_listed,not_listed,2026-10-06
2022-06,sa,JKPAPER,listed_document_404,listed_document_404,2026-10-06
2022-06,sa,JMFINANCIL,not_listed,not_listed,2026-10-06
2022-06,sa,JSWDULUX,not_listed,not_listed,2026-10-06
2022-06,sa,JSWENERGY,not_listed,not_listed,2026-10-06
2022-06,sa,JSWHL,not_listed,not_listed,2026-10-06
2022-06,sa,JYOTHYLAB,not_listed,not_listed,2026-10-06
2022-06,sa,KABRAEXTRU,not_listed,not_listed,2026-10-06
2022-06,sa,KAJARIACER,not_listed,not_listed,2026-10-06
2022-06,sa,KAMDHENU,not_listed,not_listed,2026-10-06
2022-06,sa,KANPRPLA,not_listed,not_listed,2026-10-06
2022-06,sa,KESORAMIND,not_listed,not_listed,2026-10-06
2022-06,sa,KICL,not_listed,not_listed,2026-10-06
2022-06,sa,KIOCL,not_listed,not_listed,2026-10-06
2022-06,sa,KIRLOSIND,not_listed,not_listed,2026-10-06
2022-06,sa,KKCL,not_listed,not_listed,2026-10-06
2022-06,sa,KPIL,not_listed,not_listed,2026-10-06
2022-06,sa,KPITTECH,not_listed,not_listed,2026-10-06
2022-06,sa,KRSNAA,not_listed,not_listed,2026-10-06
2022-06,sa,KSL,not_listed,not_listed,2026-10-06
2022-06,sa,KTKBANK,not_listed,not_listed,2026-10-06
2022-06,sa,LAGNAM,not_listed,not_listed,2026-10-06
2022-06,sa,LFIC,not_listed,not_listed,2026-10-06
2022-06,sa,LLOYDSENGG,not_listed,not_listed,2026-10-06
2022-06,sa,LTF,not_listed,not_listed,2026-10-06
2022-06,sa,LTTS,not_listed,not_listed,2026-10-06
2022-06,sa,MAHABANK,not_listed,not_listed,2026-10-06
2022-06,sa,MAHEPC,not_listed,not_listed,2026-10-06
2022-06,sa,MALLCOM,not_listed,not_listed,2026-10-06
2022-06,sa,MANAKALUCO,not_listed,not_listed,2026-10-06
2022-06,sa,MANAKCOAT,not_listed,not_listed,2026-10-06
2022-06,sa,MASFIN,not_listed,not_listed,2026-10-06
2022-06,sa,MASKINVEST,not_listed,not_listed,2026-10-06
2022-06,sa,MASTEK,not_listed,not_listed,2026-10-06
2022-06,sa,MAYURUNIQ,not_listed,not_listed,2026-10-06
2022-06,sa,MBLINFRA,not_listed,not_listed,2026-10-06
2022-06,sa,MENONBE,not_listed,not_listed,2026-10-06
2022-06,sa,METROBRAND,not_listed,not_listed,2026-10-06
2022-06,sa,MGEL,not_listed,not_listed,2026-10-06
2022-06,sa,MGL,not_listed,not_listed,2026-10-06
2022-06,sa,MICEL,not_listed,not_listed,2026-10-06
2022-06,sa,MMTC,not_listed,not_listed,2026-10-06
2022-06,sa,MOREPENLAB,not_listed,not_listed,2026-10-06
2022-06,sa,MOTILALOFS,not_listed,not_listed,2026-10-06
2022-06,sa,MRPL,not_listed,not_listed,2026-10-06
2022-06,sa,MTEDUCARE,not_listed,not_listed,2026-10-06
2022-06,sa,MUTHOOTCAP,not_listed,not_listed,2026-10-06
2022-06,sa,MUTHOOTFIN,not_listed,not_listed,2026-10-06
2022-06,sa,NAHARCAP,not_listed,not_listed,2026-10-06
2022-06,sa,NAHARPOLY,not_listed,not_listed,2026-10-06
2022-06,sa,NDTV,not_listed,not_listed,2026-10-06
2022-06,sa,NETWORK18,not_listed,not_listed,2026-10-06
2022-06,sa,NEXTMEDIA,not_listed,not_listed,2026-10-06
2022-06,sa,NGIL,not_listed,not_listed,2026-10-06
2022-06,sa,NIITLTD,not_listed,not_listed,2026-10-06
2022-06,sa,NILKAMAL,not_listed,not_listed,2026-10-06
2022-06,sa,OBEROIRLTY,not_listed,not_listed,2026-10-06
2022-06,sa,OFSS,not_listed,not_listed,2026-10-06
2022-06,sa,ORIENTELEC,not_listed,not_listed,2026-10-06
2022-06,sa,PAISALO,not_listed,not_listed,2026-10-06
2022-06,sa,PALASHSECU,not_listed,not_listed,2026-10-06
2022-06,sa,PAR,not_listed,not_listed,2026-10-06
2022-06,sa,PCBL,not_listed,not_listed,2026-10-06
2022-06,sa,PDMJEPAPER,not_listed,not_listed,2026-10-06
2022-06,sa,PEL,not_listed,not_listed,2026-10-06
2022-06,sa,PERSISTENT,not_listed,not_listed,2026-10-06
2022-06,sa,PFC,not_listed,not_listed,2026-10-06
2022-06,sa,PILITA,not_listed,not_listed,2026-10-06
2022-06,sa,PLASTIBLEN,not_listed,not_listed,2026-10-06
2022-06,sa,PNBGILTS,not_listed,not_listed,2026-10-06
2022-06,sa,PNBHOUSING,not_listed,not_listed,2026-10-06
2022-06,sa,PODDARMENT,not_listed,not_listed,2026-10-06
2022-06,sa,POLYCAB,not_listed,not_listed,2026-10-06
2022-06,sa,PRAJIND,not_listed,not_listed,2026-10-06
2022-06,sa,PRAXIS,not_listed,not_listed,2026-10-06
2022-06,sa,PRICOLLTD,not_listed,not_listed,2026-10-06
2022-06,sa,PRITIKAUTO,not_listed,not_listed,2026-10-06
2022-06,sa,PRUDENT,not_listed,not_listed,2026-10-06
2022-06,sa,PSB,not_listed,not_listed,2026-10-06
2022-06,sa,PTL,not_listed,not_listed,2026-10-06
2022-06,sa,PVRINOX,not_listed,not_listed,2026-10-06
2022-06,sa,QUICKHEAL,not_listed,not_listed,2026-10-06
2022-06,sa,RAIN,not_listed,not_listed,2026-10-06
2022-06,sa,RAJRATAN,not_listed,not_listed,2026-10-06
2022-06,sa,RALLIS,not_listed,not_listed,2026-10-06
2022-06,sa,RANEENGINE,not_listed,not_listed,2026-10-06
2022-06,sa,RBL,not_listed,not_listed,2026-10-06
2022-06,sa,RBLBANK,not_listed,not_listed,2026-10-06
2022-06,sa,RECLTD,not_listed,not_listed,2026-10-06
2022-06,sa,RHFL,not_listed,not_listed,2026-10-06
2022-06,sa,RIIL,not_listed,not_listed,2026-10-06
2022-06,sa,RML,not_listed,not_listed,2026-10-06
2022-06,sa,ROHLTD,not_listed,not_listed,2026-10-06
2022-06,sa,ROLLT,not_listed,not_listed,2026-10-06
2022-06,sa,RPGLIFE,not_listed,not_listed,2026-10-06
2022-06,sa,SAGCEM,not_listed,not_listed,2026-10-06
2022-06,sa,SANGINITA,held_under_renamed_symbol,held_under_renamed_symbol,2026-10-06
2022-06,sa,SARLAPOLY,not_listed,not_listed,2026-10-06
2022-06,sa,SASKEN,not_listed,not_listed,2026-10-06
2022-06,sa,SATIN,not_listed,not_listed,2026-10-06
2022-06,sa,SBIN,not_listed,not_listed,2026-10-06
2022-06,sa,SFL,not_listed,not_listed,2026-10-06
2022-06,sa,SHALBY,not_listed,not_listed,2026-10-06
2022-06,sa,SHARDACROP,not_listed,not_listed,2026-10-06
2022-06,sa,SHAREINDIA,not_listed,not_listed,2026-10-06
2022-06,sa,SHREECEM,not_listed,not_listed,2026-10-06
2022-06,sa,SIEMENS,not_listed,not_listed,2026-10-06
2022-06,sa,SIGACHI,not_listed,not_listed,2026-10-06
2022-06,sa,SIS,not_listed,not_listed,2026-10-06
2022-06,sa,SKIL,not_listed,not_listed,2026-10-06
2022-06,sa,SMARTLINK,not_listed,not_listed,2026-10-06
2022-06,sa,SMLMAH,not_listed,not_listed,2026-10-06
2022-06,sa,SOLARA,not_listed,not_listed,2026-10-06
2022-06,sa,SOLARINDS,not_listed,not_listed,2026-10-06
2022-06,sa,SREINFRA,not_listed,not_listed,2026-10-06
2022-06,sa,SRF,not_listed,not_listed,2026-10-06
2022-06,sa,SSWL,not_listed,not_listed,2026-10-06
2022-06,sa,STOVEKRAFT,not_listed,not_listed,2026-10-06
2022-06,sa,SUNDARMFIN,not_listed,not_listed,2026-10-06
2022-06,sa,SUNDROP,not_listed,not_listed,2026-10-06
2022-06,sa,SUNPHARMA,not_listed,not_listed,2026-10-06
2022-06,sa,SUPREMEIND,not_listed,not_listed,2026-10-06
2022-06,sa,SURYALAXMI,not_listed,not_listed,2026-10-06
2022-06,sa,SURYODAY,not_listed,not_listed,2026-10-06
2022-06,sa,SWSOLAR,not_listed,not_listed,2026-10-06
2022-06,sa,SYMPHONY,not_listed,not_listed,2026-10-06
2022-06,sa,SYNGENE,not_listed,not_listed,2026-10-06
2022-06,sa,TAINWALCHM,not_listed,not_listed,2026-10-06
2022-06,sa,TANLA,not_listed,not_listed,2026-10-06
2022-06,sa,TATACOMM,not_listed,not_listed,2026-10-06
2022-06,sa,TATAELXSI,not_listed,not_listed,2026-10-06
2022-06,sa,TATAINVEST,not_listed,not_listed,2026-10-06
2022-06,sa,TATAMETALI,not_listed,not_listed,2026-10-06
2022-06,sa,TATAPOWER,not_listed,not_listed,2026-10-06
2022-06,sa,TATASTLLP,not_listed,not_listed,2026-10-06
2022-06,sa,TATVA,not_listed,not_listed,2026-10-06
2022-06,sa,TCIEXP,not_listed,not_listed,2026-10-06
2022-06,sa,TCIFINANCE,not_listed,not_listed,2026-10-06
2022-06,sa,TECHM,not_listed,not_listed,2026-10-06
2022-06,sa,TFL,not_listed,not_listed,2026-10-06
2022-06,sa,THANGAMAYL,not_listed,not_listed,2026-10-06
2022-06,sa,THERMAX,not_listed,not_listed,2026-10-06
2022-06,sa,THOMASCOOK,not_listed,not_listed,2026-10-06
2022-06,sa,TIINDIA,not_listed,not_listed,2026-10-06
2022-06,sa,TINPLATE,not_listed,not_listed,2026-10-06
2022-06,sa,TIPSMUSIC,not_listed,not_listed,2026-10-06
2022-06,sa,TSFINV,not_listed,not_listed,2026-10-06
2022-06,sa,TTKHLTCARE,not_listed,not_listed,2026-10-06
2022-06,sa,TVSHLTD,not_listed,not_listed,2026-10-06
2022-06,sa,UGROCAP,not_listed,not_listed,2026-10-06
2022-06,sa,UJJIVAN,not_listed,not_listed,2026-10-06
2022-06,sa,ULTRACEMCO,not_listed,not_listed,2026-10-06
2022-06,sa,UMIYA-MRO,not_listed,not_listed,2026-10-06
2022-06,sa,UNITDSPR,not_listed,not_listed,2026-10-06
2022-06,sa,VHL,not_listed,not_listed,2026-10-06
2022-06,sa,VIJIFIN,not_listed,not_listed,2026-10-06
2022-06,sa,VIMTALABS,not_listed,not_listed,2026-10-06
2022-06,sa,VINATIORGA,not_listed,not_listed,2026-10-06
2022-06,sa,VINEETLAB,not_listed,not_listed,2026-10-06
2022-06,sa,WENDT,not_listed,not_listed,2026-10-06
2022-06,sa,WINDLAS,not_listed,not_listed,2026-10-06
2022-06,sa,WIPRO,not_listed,not_listed,2026-10-06
2022-06,sa,YESBANK,not_listed,not_listed,2026-10-06
2022-06,sa,ZEEMEDIA,not_listed,not_listed,2026-10-06
2022-06,sa,ZENITHSTL,not_listed,not_listed,2026-10-06
2022-06,sa,ZENTEC,not_listed,not_listed,2026-10-06
2022-06,sa,ZUARI,not_listed,not_listed,2026-10-06
2022-06,sa,ZYDUSWELL,not_listed,not_listed,2026-10-06
2022-09,sa,AAVAS,not_listed,not_listed,2026-10-06
2022-09,sa,AMDIND,not_listed,not_listed,2026-10-06
2022-09,sa,AUBANK,not_listed,not_listed,2026-10-06
2022-09,sa,BIRLATYRE,not_listed,not_listed,2026-10-06
2022-09,sa,CAMS,not_listed,not_listed,2026-10-06
2022-09,sa,CANBK,not_listed,not_listed,2026-10-06
2022-09,sa,CIGNITITEC,not_listed,not_listed,2026-10-06
2022-09,sa,CPCAP,not_listed,not_listed,2026-10-06
2022-09,sa,DIAMONDYD,not_listed,not_listed,2026-10-06
2022-09,sa,DIXON,not_listed,not_listed,2026-10-06
2022-09,sa,ELECTHERM,not_listed,not_listed,2026-10-06
2022-09,sa,ETHOSLTD,not_listed,not_listed,2026-10-06
2022-09,sa,EXIDEIND,not_listed,not_listed,2026-10-06
2022-09,sa,GILLETTE,not_listed,not_listed,2026-10-06
2022-09,sa,HOMEFIRST,not_listed,not_listed,2026-10-06
2022-09,sa,INDOWIND,not_listed,not_listed,2026-10-06
2022-09,sa,INVENTURE,not_listed,not_listed,2026-10-06
2022-09,sa,JSLHISAR,not_listed,not_listed,2026-10-06
2022-09,sa,KAYA,not_listed,not_listed,2026-10-06
2022-09,sa,MAHSCOOTER,not_listed,not_listed,2026-10-06
2022-09,sa,MOHOTAIND,not_listed,not_listed,2026-10-06
2022-09,sa,NAGAFERT,not_listed,not_listed,2026-10-06
2022-09,sa,NAM-INDIA,not_listed,not_listed,2026-10-06
2022-09,sa,NITINFIRE,not_listed,not_listed,2026-10-06
2022-09,sa,NOIDATOLL,not_listed,not_listed,2026-10-06
2022-09,sa,ORTINGLOBE,not_listed,not_listed,2026-10-06
2022-09,sa,PROZONER,not_listed,not_listed,2026-10-06
2022-09,sa,RAJRILTD,not_listed,not_listed,2026-10-06
2022-09,sa,RAJTV,not_listed,not_listed,2026-10-06
2022-09,sa,RCF,not_listed,not_listed,2026-10-06
2022-09,sa,REPL,not_listed,not_listed,2026-10-06
2022-09,sa,SAPPHIRE,not_listed,not_listed,2026-10-06
2022-09,sa,SCHNEIDER,not_listed,not_listed,2026-10-06
2022-09,sa,SHK,not_listed,not_listed,2026-10-06
2022-09,sa,SHRIRAMFIN,not_listed,not_listed,2026-10-06
2022-09,sa,SKFINDIA,not_listed,not_listed,2026-10-06
2022-09,sa,SOUTHBANK,not_listed,not_listed,2026-10-06
2022-09,sa,STCINDIA,not_listed,not_listed,2026-10-06
2022-09,sa,STYLAMIND,not_listed,not_listed,2026-10-06
2022-09,sa,SUNDRMFAST,not_listed,not_listed,2026-10-06
2022-09,sa,TNTELE,not_listed,not_listed,2026-10-06
2022-09,sa,UNIONBANK,not_listed,not_listed,2026-10-06
2022-12,cons,AKG,not_listed,not_listed,2026-10-06
2022-12,cons,ATUL,not_listed,not_listed,2026-10-06
2022-12,cons,FINCABLES,not_listed,not_listed,2026-10-06
2022-12,cons,FLEXITUFF,not_listed,not_listed,2026-10-06
2022-12,cons,FMGOETZE,not_listed,not_listed,2026-10-06
2022-12,cons,GAYAHWS,not_listed,not_listed,2026-10-06
2022-12,cons,GRINDWELL,not_listed,not_listed,2026-10-06
2022-12,cons,GSPL,not_listed,not_listed,2026-10-06
2022-12,cons,HGM,not_listed,not_listed,2026-10-06
2022-12,cons,ICRA,not_listed,not_listed,2026-10-06
2022-12,cons,IFCI,not_listed,not_listed,2026-10-06
2022-12,cons,INTLCONV,not_listed,not_listed,2026-10-06
2022-12,cons,IZMO,listed_document_404,listed_document_404,2026-10-06
2022-12,cons,JMA,not_listed,not_listed,2026-10-06
2022-12,cons,JPINFRATEC,not_listed,not_listed,2026-10-06
2022-12,cons,JPPOWER,not_listed,not_listed,2026-10-06
2022-12,cons,KAVDEFENCE,not_listed,not_listed,2026-10-06
2022-12,cons,KEYFINSERV,listed_document_404,listed_document_404,2026-10-06
2022-12,cons,MAHESHWARI,not_listed,not_listed,2026-10-06
2022-12,cons,MBECL,not_listed,not_listed,2026-10-06
2022-12,cons,MICEL,not_listed,not_listed,2026-10-06
2022-12,cons,MMFL,not_listed,not_listed,2026-10-06
2022-12,cons,MMTC,not_listed,not_listed,2026-10-06
2022-12,cons,MUKTAARTS,listed_document_404,listed_document_404,2026-10-06
2022-12,cons,NFL,not_listed,not_listed,2026-10-06
2022-12,cons,NLCINDIA,not_listed,not_listed,2026-10-06
2022-12,cons,NSIL,not_listed,not_listed,2026-10-06
2022-12,cons,PALASHSECU,not_listed,not_listed,2026-10-06
2022-12,cons,POLYPLEX,not_listed,not_listed,2026-10-06
2022-12,cons,RANEHOLDIN,not_listed,not_listed,2026-10-06
2022-12,cons,RATNAMANI,not_listed,not_listed,2026-10-06
2022-12,cons,ROLLT,not_listed,not_listed,2026-10-06
2022-12,cons,RUCHINFRA,not_listed,not_listed,2026-10-06
2022-12,cons,SAMBHAAV,not_listed,not_listed,2026-10-06
2022-12,cons,SHALPAINTS,not_listed,not_listed,2026-10-06
2022-12,cons,SOUTHWEST,not_listed,not_listed,2026-10-06
2022-12,cons,TREJHARA,not_listed,not_listed,2026-10-06
2022-12,cons,VIJAYA,not_listed,not_listed,2026-10-06
2022-12,cons,ZOTA,not_listed,not_listed,2026-10-06
2022-12,sa,AGROPHOS,not_listed,not_listed,2026-10-06
2022-12,sa,ATUL,not_listed,not_listed,2026-10-06
2022-12,sa,BAJAJHCARE,not_listed,not_listed,2026-10-06
2022-12,sa,BHANDARI,not_listed,not_listed,2026-10-06
2022-12,sa,DCI,not_listed,not_listed,2026-10-06
2022-12,sa,DELPHIFX,not_listed,not_listed,2026-10-06
2022-12,sa,ELDEHSG,not_listed,not_listed,2026-10-06
2022-12,sa,EMAMIPAP,listed_document_404,listed_document_404,2026-10-06
2022-12,sa,FCSSOFT,not_listed,not_listed,2026-10-06
2022-12,sa,FLEXITUFF,not_listed,not_listed,2026-10-06
2022-12,sa,FMGOETZE,not_listed,not_listed,2026-10-06
2022-12,sa,GAYAHWS,not_listed,not_listed,2026-10-06
2022-12,sa,GRINDWELL,not_listed,not_listed,2026-10-06
2022-12,sa,GSPL,not_listed,not_listed,2026-10-06
2022-12,sa,HEIDELBERG,not_listed,not_listed,2026-10-06
2022-12,sa,HGM,not_listed,not_listed,2026-10-06
2022-12,sa,HGS,listed_document_404,listed_document_404,2026-10-06
2022-12,sa,ICRA,not_listed,not_listed,2026-10-06
2022-12,sa,IFCI,not_listed,not_listed,2026-10-06
2022-12,sa,INTLCONV,not_listed,not_listed,2026-10-06
2022-12,sa,IVC,not_listed,not_listed,2026-10-06
2022-12,sa,IVRCLINFRA,not_listed,not_listed,2026-10-06
2022-12,sa,IZMO,listed_document_404,listed_document_404,2026-10-06
2022-12,sa,JMA,not_listed,not_listed,2026-10-06
2022-12,sa,JPINFRATEC,not_listed,not_listed,2026-10-06
2022-12,sa,JPPOWER,not_listed,not_listed,2026-10-06
2022-12,sa,KALYANIFRG,not_listed,not_listed,2026-10-06
2022-12,sa,KAVDEFENCE,not_listed,not_listed,2026-10-06
2022-12,sa,KSHITIJPOL,not_listed,not_listed,2026-10-06
2022-12,sa,MAHESHWARI,not_listed,not_listed,2026-10-06
2022-12,sa,MAZDA,not_listed,not_listed,2026-10-06
2022-12,sa,MBECL,not_listed,not_listed,2026-10-06
2022-12,sa,MCL,not_listed,not_listed,2026-10-06
2022-12,sa,MICEL,not_listed,not_listed,2026-10-06
2022-12,sa,MMFL,not_listed,not_listed,2026-10-06
2022-12,sa,MMTC,not_listed,not_listed,2026-10-06
2022-12,sa,MUKTAARTS,listed_document_404,listed_document_404,2026-10-06
2022-12,sa,NAGREEKCAP,not_listed,not_listed,2026-10-06
2022-12,sa,NDL,not_listed,not_listed,2026-10-06
2022-12,sa,NFL,not_listed,not_listed,2026-10-06
2022-12,sa,NLCINDIA,not_listed,not_listed,2026-10-06
2022-12,sa,NSIL,not_listed,not_listed,2026-10-06
2022-12,sa,OBCL,not_listed,not_listed,2026-10-06
2022-12,sa,ORIENTLTD,not_listed,not_listed,2026-10-06
2022-12,sa,POLYPLEX,not_listed,not_listed,2026-10-06
2022-12,sa,RANEHOLDIN,not_listed,not_listed,2026-10-06
2022-12,sa,RATNAMANI,not_listed,not_listed,2026-10-06
2022-12,sa,RENUKA,not_listed,not_listed,2026-10-06
2022-12,sa,ROLLT,not_listed,not_listed,2026-10-06
2022-12,sa,RUCHINFRA,not_listed,not_listed,2026-10-06
2022-12,sa,SAMBHAAV,not_listed,not_listed,2026-10-06
2022-12,sa,SFL,not_listed,not_listed,2026-10-06
2022-12,sa,SGIL,listed_document_404,listed_document_404,2026-10-06
2022-12,sa,SHALPAINTS,not_listed,not_listed,2026-10-06
2022-12,sa,SHIVAMAUTO,not_listed,not_listed,2026-10-06
2022-12,sa,SOUTHWEST,not_listed,not_listed,2026-10-06
2022-12,sa,TNPL,not_listed,not_listed,2026-10-06
2022-12,sa,TREJHARA,not_listed,not_listed,2026-10-06
2022-12,sa,VIJAYA,not_listed,not_listed,2026-10-06
2022-12,sa,ZOTA,not_listed,not_listed,2026-10-06
